p cnf 658 2540
1 16 -24 0
1 -16 -24 0
-1 16 -24 0
-1 -16 24 0
2 16 -25 0
2 -16 -25 0
-2 16 -25 0
-2 -16 25 0
3 16 -26 0
3 -16 -26 0
-3 16 -26 0
-3 -16 26 0
4 16 -27 0
4 -16 -27 0
-4 16 -27 0
-4 -16 27 0
5 16 -28 0
5 -16 -28 0
-5 16 -28 0
-5 -16 28 0
6 16 -29 0
6 -16 -29 0
-6 16 -29 0
-6 -16 29 0
7 16 -30 0
7 -16 -30 0
-7 16 -30 0
-7 -16 30 0
8 16 -31 0
8 -16 -31 0
-8 16 -31 0
-8 -16 31 0
9 16 -32 0
9 -16 -32 0
-9 16 -32 0
-9 -16 32 0
10 16 -33 0
10 -16 -33 0
-10 16 -33 0
-10 -16 33 0
11 16 -34 0
11 -16 -34 0
-11 16 -34 0
-11 -16 34 0
12 16 -35 0
12 -16 -35 0
-12 16 -35 0
-12 -16 35 0
13 16 -36 0
13 -16 -36 0
-13 16 -36 0
-13 -16 36 0
14 16 -37 0
14 -16 -37 0
-14 16 -37 0
-14 -16 37 0
15 16 -38 0
15 -16 -38 0
-15 16 -38 0
-15 -16 38 0
1 17 -39 0
1 -17 -39 0
-1 17 -39 0
-1 -17 39 0
25 39 -40 0
25 -39 -40 0
-25 39 -40 0
-25 -39 40 0
25 39 -41 0
25 -39 41 0
-25 39 41 0
-25 -39 -41 0
2 17 -42 0
2 -17 -42 0
-2 17 -42 0
-2 -17 42 0
26 42 -43 0
26 -42 -43 0
-26 42 -43 0
-26 -42 43 0
26 42 -44 0
26 -42 44 0
-26 42 44 0
-26 -42 -44 0
3 17 -45 0
3 -17 -45 0
-3 17 -45 0
-3 -17 45 0
27 45 -46 0
27 -45 -46 0
-27 45 -46 0
-27 -45 46 0
27 45 -47 0
27 -45 47 0
-27 45 47 0
-27 -45 -47 0
4 17 -48 0
4 -17 -48 0
-4 17 -48 0
-4 -17 48 0
28 48 -49 0
28 -48 -49 0
-28 48 -49 0
-28 -48 49 0
28 48 -50 0
28 -48 50 0
-28 48 50 0
-28 -48 -50 0
5 17 -51 0
5 -17 -51 0
-5 17 -51 0
-5 -17 51 0
29 51 -52 0
29 -51 -52 0
-29 51 -52 0
-29 -51 52 0
29 51 -53 0
29 -51 53 0
-29 51 53 0
-29 -51 -53 0
6 17 -54 0
6 -17 -54 0
-6 17 -54 0
-6 -17 54 0
30 54 -55 0
30 -54 -55 0
-30 54 -55 0
-30 -54 55 0
30 54 -56 0
30 -54 56 0
-30 54 56 0
-30 -54 -56 0
7 17 -57 0
7 -17 -57 0
-7 17 -57 0
-7 -17 57 0
31 57 -58 0
31 -57 -58 0
-31 57 -58 0
-31 -57 58 0
31 57 -59 0
31 -57 59 0
-31 57 59 0
-31 -57 -59 0
8 17 -60 0
8 -17 -60 0
-8 17 -60 0
-8 -17 60 0
32 60 -61 0
32 -60 -61 0
-32 60 -61 0
-32 -60 61 0
32 60 -62 0
32 -60 62 0
-32 60 62 0
-32 -60 -62 0
9 17 -63 0
9 -17 -63 0
-9 17 -63 0
-9 -17 63 0
33 63 -64 0
33 -63 -64 0
-33 63 -64 0
-33 -63 64 0
33 63 -65 0
33 -63 65 0
-33 63 65 0
-33 -63 -65 0
10 17 -66 0
10 -17 -66 0
-10 17 -66 0
-10 -17 66 0
34 66 -67 0
34 -66 -67 0
-34 66 -67 0
-34 -66 67 0
34 66 -68 0
34 -66 68 0
-34 66 68 0
-34 -66 -68 0
11 17 -69 0
11 -17 -69 0
-11 17 -69 0
-11 -17 69 0
35 69 -70 0
35 -69 -70 0
-35 69 -70 0
-35 -69 70 0
35 69 -71 0
35 -69 71 0
-35 69 71 0
-35 -69 -71 0
12 17 -72 0
12 -17 -72 0
-12 17 -72 0
-12 -17 72 0
36 72 -73 0
36 -72 -73 0
-36 72 -73 0
-36 -72 73 0
36 72 -74 0
36 -72 74 0
-36 72 74 0
-36 -72 -74 0
13 17 -75 0
13 -17 -75 0
-13 17 -75 0
-13 -17 75 0
37 75 -76 0
37 -75 -76 0
-37 75 -76 0
-37 -75 76 0
37 75 -77 0
37 -75 77 0
-37 75 77 0
-37 -75 -77 0
14 17 -78 0
14 -17 -78 0
-14 17 -78 0
-14 -17 78 0
38 78 -79 0
38 -78 -79 0
-38 78 -79 0
-38 -78 79 0
38 78 -80 0
38 -78 80 0
-38 78 80 0
-38 -78 -80 0
15 17 -81 0
15 -17 -81 0
-15 17 -81 0
-15 -17 81 0
1 18 -82 0
1 -18 -82 0
-1 18 -82 0
-1 -18 82 0
44 82 -83 0
44 -82 -83 0
-44 82 -83 0
-44 -82 83 0
44 82 -84 0
44 -82 84 0
-44 82 84 0
-44 -82 -84 0
40 84 -85 0
40 -84 -85 0
-40 84 -85 0
-40 -84 85 0
40 84 -86 0
40 -84 86 0
-40 84 86 0
-40 -84 -86 0
83 85 -87 0
83 -85 87 0
-83 85 87 0
-83 -85 -87 0
2 18 -88 0
2 -18 -88 0
-2 18 -88 0
-2 -18 88 0
47 88 -89 0
47 -88 -89 0
-47 88 -89 0
-47 -88 89 0
47 88 -90 0
47 -88 90 0
-47 88 90 0
-47 -88 -90 0
43 90 -91 0
43 -90 -91 0
-43 90 -91 0
-43 -90 91 0
43 90 -92 0
43 -90 92 0
-43 90 92 0
-43 -90 -92 0
89 91 -93 0
89 -91 93 0
-89 91 93 0
-89 -91 -93 0
3 18 -94 0
3 -18 -94 0
-3 18 -94 0
-3 -18 94 0
50 94 -95 0
50 -94 -95 0
-50 94 -95 0
-50 -94 95 0
50 94 -96 0
50 -94 96 0
-50 94 96 0
-50 -94 -96 0
46 96 -97 0
46 -96 -97 0
-46 96 -97 0
-46 -96 97 0
46 96 -98 0
46 -96 98 0
-46 96 98 0
-46 -96 -98 0
95 97 -99 0
95 -97 99 0
-95 97 99 0
-95 -97 -99 0
4 18 -100 0
4 -18 -100 0
-4 18 -100 0
-4 -18 100 0
53 100 -101 0
53 -100 -101 0
-53 100 -101 0
-53 -100 101 0
53 100 -102 0
53 -100 102 0
-53 100 102 0
-53 -100 -102 0
49 102 -103 0
49 -102 -103 0
-49 102 -103 0
-49 -102 103 0
49 102 -104 0
49 -102 104 0
-49 102 104 0
-49 -102 -104 0
101 103 -105 0
101 -103 105 0
-101 103 105 0
-101 -103 -105 0
5 18 -106 0
5 -18 -106 0
-5 18 -106 0
-5 -18 106 0
56 106 -107 0
56 -106 -107 0
-56 106 -107 0
-56 -106 107 0
56 106 -108 0
56 -106 108 0
-56 106 108 0
-56 -106 -108 0
52 108 -109 0
52 -108 -109 0
-52 108 -109 0
-52 -108 109 0
52 108 -110 0
52 -108 110 0
-52 108 110 0
-52 -108 -110 0
107 109 -111 0
107 -109 111 0
-107 109 111 0
-107 -109 -111 0
6 18 -112 0
6 -18 -112 0
-6 18 -112 0
-6 -18 112 0
59 112 -113 0
59 -112 -113 0
-59 112 -113 0
-59 -112 113 0
59 112 -114 0
59 -112 114 0
-59 112 114 0
-59 -112 -114 0
55 114 -115 0
55 -114 -115 0
-55 114 -115 0
-55 -114 115 0
55 114 -116 0
55 -114 116 0
-55 114 116 0
-55 -114 -116 0
113 115 -117 0
113 -115 117 0
-113 115 117 0
-113 -115 -117 0
7 18 -118 0
7 -18 -118 0
-7 18 -118 0
-7 -18 118 0
62 118 -119 0
62 -118 -119 0
-62 118 -119 0
-62 -118 119 0
62 118 -120 0
62 -118 120 0
-62 118 120 0
-62 -118 -120 0
58 120 -121 0
58 -120 -121 0
-58 120 -121 0
-58 -120 121 0
58 120 -122 0
58 -120 122 0
-58 120 122 0
-58 -120 -122 0
119 121 -123 0
119 -121 123 0
-119 121 123 0
-119 -121 -123 0
8 18 -124 0
8 -18 -124 0
-8 18 -124 0
-8 -18 124 0
65 124 -125 0
65 -124 -125 0
-65 124 -125 0
-65 -124 125 0
65 124 -126 0
65 -124 126 0
-65 124 126 0
-65 -124 -126 0
61 126 -127 0
61 -126 -127 0
-61 126 -127 0
-61 -126 127 0
61 126 -128 0
61 -126 128 0
-61 126 128 0
-61 -126 -128 0
125 127 -129 0
125 -127 129 0
-125 127 129 0
-125 -127 -129 0
9 18 -130 0
9 -18 -130 0
-9 18 -130 0
-9 -18 130 0
68 130 -131 0
68 -130 -131 0
-68 130 -131 0
-68 -130 131 0
68 130 -132 0
68 -130 132 0
-68 130 132 0
-68 -130 -132 0
64 132 -133 0
64 -132 -133 0
-64 132 -133 0
-64 -132 133 0
64 132 -134 0
64 -132 134 0
-64 132 134 0
-64 -132 -134 0
131 133 -135 0
131 -133 135 0
-131 133 135 0
-131 -133 -135 0
10 18 -136 0
10 -18 -136 0
-10 18 -136 0
-10 -18 136 0
71 136 -137 0
71 -136 -137 0
-71 136 -137 0
-71 -136 137 0
71 136 -138 0
71 -136 138 0
-71 136 138 0
-71 -136 -138 0
67 138 -139 0
67 -138 -139 0
-67 138 -139 0
-67 -138 139 0
67 138 -140 0
67 -138 140 0
-67 138 140 0
-67 -138 -140 0
137 139 -141 0
137 -139 141 0
-137 139 141 0
-137 -139 -141 0
11 18 -142 0
11 -18 -142 0
-11 18 -142 0
-11 -18 142 0
74 142 -143 0
74 -142 -143 0
-74 142 -143 0
-74 -142 143 0
74 142 -144 0
74 -142 144 0
-74 142 144 0
-74 -142 -144 0
70 144 -145 0
70 -144 -145 0
-70 144 -145 0
-70 -144 145 0
70 144 -146 0
70 -144 146 0
-70 144 146 0
-70 -144 -146 0
143 145 -147 0
143 -145 147 0
-143 145 147 0
-143 -145 -147 0
12 18 -148 0
12 -18 -148 0
-12 18 -148 0
-12 -18 148 0
77 148 -149 0
77 -148 -149 0
-77 148 -149 0
-77 -148 149 0
77 148 -150 0
77 -148 150 0
-77 148 150 0
-77 -148 -150 0
73 150 -151 0
73 -150 -151 0
-73 150 -151 0
-73 -150 151 0
73 150 -152 0
73 -150 152 0
-73 150 152 0
-73 -150 -152 0
149 151 -153 0
149 -151 153 0
-149 151 153 0
-149 -151 -153 0
13 18 -154 0
13 -18 -154 0
-13 18 -154 0
-13 -18 154 0
80 154 -155 0
80 -154 -155 0
-80 154 -155 0
-80 -154 155 0
80 154 -156 0
80 -154 156 0
-80 154 156 0
-80 -154 -156 0
76 156 -157 0
76 -156 -157 0
-76 156 -157 0
-76 -156 157 0
76 156 -158 0
76 -156 158 0
-76 156 158 0
-76 -156 -158 0
155 157 -159 0
155 -157 159 0
-155 157 159 0
-155 -157 -159 0
14 18 -160 0
14 -18 -160 0
-14 18 -160 0
-14 -18 160 0
81 160 -161 0
81 -160 -161 0
-81 160 -161 0
-81 -160 161 0
81 160 -162 0
81 -160 162 0
-81 160 162 0
-81 -160 -162 0
79 162 -163 0
79 -162 -163 0
-79 162 -163 0
-79 -162 163 0
79 162 -164 0
79 -162 164 0
-79 162 164 0
-79 -162 -164 0
161 163 -165 0
161 -163 165 0
-161 163 165 0
-161 -163 -165 0
15 18 -166 0
15 -18 -166 0
-15 18 -166 0
-15 -18 166 0
1 19 -167 0
1 -19 -167 0
-1 19 -167 0
-1 -19 167 0
92 167 -168 0
92 -167 -168 0
-92 167 -168 0
-92 -167 168 0
92 167 -169 0
92 -167 169 0
-92 167 169 0
-92 -167 -169 0
87 169 -170 0
87 -169 -170 0
-87 169 -170 0
-87 -169 170 0
87 169 -171 0
87 -169 171 0
-87 169 171 0
-87 -169 -171 0
168 170 -172 0
168 -170 172 0
-168 170 172 0
-168 -170 -172 0
2 19 -173 0
2 -19 -173 0
-2 19 -173 0
-2 -19 173 0
98 173 -174 0
98 -173 -174 0
-98 173 -174 0
-98 -173 174 0
98 173 -175 0
98 -173 175 0
-98 173 175 0
-98 -173 -175 0
93 175 -176 0
93 -175 -176 0
-93 175 -176 0
-93 -175 176 0
93 175 -177 0
93 -175 177 0
-93 175 177 0
-93 -175 -177 0
174 176 -178 0
174 -176 178 0
-174 176 178 0
-174 -176 -178 0
3 19 -179 0
3 -19 -179 0
-3 19 -179 0
-3 -19 179 0
104 179 -180 0
104 -179 -180 0
-104 179 -180 0
-104 -179 180 0
104 179 -181 0
104 -179 181 0
-104 179 181 0
-104 -179 -181 0
99 181 -182 0
99 -181 -182 0
-99 181 -182 0
-99 -181 182 0
99 181 -183 0
99 -181 183 0
-99 181 183 0
-99 -181 -183 0
180 182 -184 0
180 -182 184 0
-180 182 184 0
-180 -182 -184 0
4 19 -185 0
4 -19 -185 0
-4 19 -185 0
-4 -19 185 0
110 185 -186 0
110 -185 -186 0
-110 185 -186 0
-110 -185 186 0
110 185 -187 0
110 -185 187 0
-110 185 187 0
-110 -185 -187 0
105 187 -188 0
105 -187 -188 0
-105 187 -188 0
-105 -187 188 0
105 187 -189 0
105 -187 189 0
-105 187 189 0
-105 -187 -189 0
186 188 -190 0
186 -188 190 0
-186 188 190 0
-186 -188 -190 0
5 19 -191 0
5 -19 -191 0
-5 19 -191 0
-5 -19 191 0
116 191 -192 0
116 -191 -192 0
-116 191 -192 0
-116 -191 192 0
116 191 -193 0
116 -191 193 0
-116 191 193 0
-116 -191 -193 0
111 193 -194 0
111 -193 -194 0
-111 193 -194 0
-111 -193 194 0
111 193 -195 0
111 -193 195 0
-111 193 195 0
-111 -193 -195 0
192 194 -196 0
192 -194 196 0
-192 194 196 0
-192 -194 -196 0
6 19 -197 0
6 -19 -197 0
-6 19 -197 0
-6 -19 197 0
122 197 -198 0
122 -197 -198 0
-122 197 -198 0
-122 -197 198 0
122 197 -199 0
122 -197 199 0
-122 197 199 0
-122 -197 -199 0
117 199 -200 0
117 -199 -200 0
-117 199 -200 0
-117 -199 200 0
117 199 -201 0
117 -199 201 0
-117 199 201 0
-117 -199 -201 0
198 200 -202 0
198 -200 202 0
-198 200 202 0
-198 -200 -202 0
7 19 -203 0
7 -19 -203 0
-7 19 -203 0
-7 -19 203 0
128 203 -204 0
128 -203 -204 0
-128 203 -204 0
-128 -203 204 0
128 203 -205 0
128 -203 205 0
-128 203 205 0
-128 -203 -205 0
123 205 -206 0
123 -205 -206 0
-123 205 -206 0
-123 -205 206 0
123 205 -207 0
123 -205 207 0
-123 205 207 0
-123 -205 -207 0
204 206 -208 0
204 -206 208 0
-204 206 208 0
-204 -206 -208 0
8 19 -209 0
8 -19 -209 0
-8 19 -209 0
-8 -19 209 0
134 209 -210 0
134 -209 -210 0
-134 209 -210 0
-134 -209 210 0
134 209 -211 0
134 -209 211 0
-134 209 211 0
-134 -209 -211 0
129 211 -212 0
129 -211 -212 0
-129 211 -212 0
-129 -211 212 0
129 211 -213 0
129 -211 213 0
-129 211 213 0
-129 -211 -213 0
210 212 -214 0
210 -212 214 0
-210 212 214 0
-210 -212 -214 0
9 19 -215 0
9 -19 -215 0
-9 19 -215 0
-9 -19 215 0
140 215 -216 0
140 -215 -216 0
-140 215 -216 0
-140 -215 216 0
140 215 -217 0
140 -215 217 0
-140 215 217 0
-140 -215 -217 0
135 217 -218 0
135 -217 -218 0
-135 217 -218 0
-135 -217 218 0
135 217 -219 0
135 -217 219 0
-135 217 219 0
-135 -217 -219 0
216 218 -220 0
216 -218 220 0
-216 218 220 0
-216 -218 -220 0
10 19 -221 0
10 -19 -221 0
-10 19 -221 0
-10 -19 221 0
146 221 -222 0
146 -221 -222 0
-146 221 -222 0
-146 -221 222 0
146 221 -223 0
146 -221 223 0
-146 221 223 0
-146 -221 -223 0
141 223 -224 0
141 -223 -224 0
-141 223 -224 0
-141 -223 224 0
141 223 -225 0
141 -223 225 0
-141 223 225 0
-141 -223 -225 0
222 224 -226 0
222 -224 226 0
-222 224 226 0
-222 -224 -226 0
11 19 -227 0
11 -19 -227 0
-11 19 -227 0
-11 -19 227 0
152 227 -228 0
152 -227 -228 0
-152 227 -228 0
-152 -227 228 0
152 227 -229 0
152 -227 229 0
-152 227 229 0
-152 -227 -229 0
147 229 -230 0
147 -229 -230 0
-147 229 -230 0
-147 -229 230 0
147 229 -231 0
147 -229 231 0
-147 229 231 0
-147 -229 -231 0
228 230 -232 0
228 -230 232 0
-228 230 232 0
-228 -230 -232 0
12 19 -233 0
12 -19 -233 0
-12 19 -233 0
-12 -19 233 0
158 233 -234 0
158 -233 -234 0
-158 233 -234 0
-158 -233 234 0
158 233 -235 0
158 -233 235 0
-158 233 235 0
-158 -233 -235 0
153 235 -236 0
153 -235 -236 0
-153 235 -236 0
-153 -235 236 0
153 235 -237 0
153 -235 237 0
-153 235 237 0
-153 -235 -237 0
234 236 -238 0
234 -236 238 0
-234 236 238 0
-234 -236 -238 0
13 19 -239 0
13 -19 -239 0
-13 19 -239 0
-13 -19 239 0
164 239 -240 0
164 -239 -240 0
-164 239 -240 0
-164 -239 240 0
164 239 -241 0
164 -239 241 0
-164 239 241 0
-164 -239 -241 0
159 241 -242 0
159 -241 -242 0
-159 241 -242 0
-159 -241 242 0
159 241 -243 0
159 -241 243 0
-159 241 243 0
-159 -241 -243 0
240 242 -244 0
240 -242 244 0
-240 242 244 0
-240 -242 -244 0
14 19 -245 0
14 -19 -245 0
-14 19 -245 0
-14 -19 245 0
166 245 -246 0
166 -245 -246 0
-166 245 -246 0
-166 -245 246 0
166 245 -247 0
166 -245 247 0
-166 245 247 0
-166 -245 -247 0
165 247 -248 0
165 -247 -248 0
-165 247 -248 0
-165 -247 248 0
165 247 -249 0
165 -247 249 0
-165 247 249 0
-165 -247 -249 0
246 248 -250 0
246 -248 250 0
-246 248 250 0
-246 -248 -250 0
15 19 -251 0
15 -19 -251 0
-15 19 -251 0
-15 -19 251 0
1 20 -252 0
1 -20 -252 0
-1 20 -252 0
-1 -20 252 0
177 252 -253 0
177 -252 -253 0
-177 252 -253 0
-177 -252 253 0
177 252 -254 0
177 -252 254 0
-177 252 254 0
-177 -252 -254 0
172 254 -255 0
172 -254 -255 0
-172 254 -255 0
-172 -254 255 0
172 254 -256 0
172 -254 256 0
-172 254 256 0
-172 -254 -256 0
253 255 -257 0
253 -255 257 0
-253 255 257 0
-253 -255 -257 0
2 20 -258 0
2 -20 -258 0
-2 20 -258 0
-2 -20 258 0
183 258 -259 0
183 -258 -259 0
-183 258 -259 0
-183 -258 259 0
183 258 -260 0
183 -258 260 0
-183 258 260 0
-183 -258 -260 0
178 260 -261 0
178 -260 -261 0
-178 260 -261 0
-178 -260 261 0
178 260 -262 0
178 -260 262 0
-178 260 262 0
-178 -260 -262 0
259 261 -263 0
259 -261 263 0
-259 261 263 0
-259 -261 -263 0
3 20 -264 0
3 -20 -264 0
-3 20 -264 0
-3 -20 264 0
189 264 -265 0
189 -264 -265 0
-189 264 -265 0
-189 -264 265 0
189 264 -266 0
189 -264 266 0
-189 264 266 0
-189 -264 -266 0
184 266 -267 0
184 -266 -267 0
-184 266 -267 0
-184 -266 267 0
184 266 -268 0
184 -266 268 0
-184 266 268 0
-184 -266 -268 0
265 267 -269 0
265 -267 269 0
-265 267 269 0
-265 -267 -269 0
4 20 -270 0
4 -20 -270 0
-4 20 -270 0
-4 -20 270 0
195 270 -271 0
195 -270 -271 0
-195 270 -271 0
-195 -270 271 0
195 270 -272 0
195 -270 272 0
-195 270 272 0
-195 -270 -272 0
190 272 -273 0
190 -272 -273 0
-190 272 -273 0
-190 -272 273 0
190 272 -274 0
190 -272 274 0
-190 272 274 0
-190 -272 -274 0
271 273 -275 0
271 -273 275 0
-271 273 275 0
-271 -273 -275 0
5 20 -276 0
5 -20 -276 0
-5 20 -276 0
-5 -20 276 0
201 276 -277 0
201 -276 -277 0
-201 276 -277 0
-201 -276 277 0
201 276 -278 0
201 -276 278 0
-201 276 278 0
-201 -276 -278 0
196 278 -279 0
196 -278 -279 0
-196 278 -279 0
-196 -278 279 0
196 278 -280 0
196 -278 280 0
-196 278 280 0
-196 -278 -280 0
277 279 -281 0
277 -279 281 0
-277 279 281 0
-277 -279 -281 0
6 20 -282 0
6 -20 -282 0
-6 20 -282 0
-6 -20 282 0
207 282 -283 0
207 -282 -283 0
-207 282 -283 0
-207 -282 283 0
207 282 -284 0
207 -282 284 0
-207 282 284 0
-207 -282 -284 0
202 284 -285 0
202 -284 -285 0
-202 284 -285 0
-202 -284 285 0
202 284 -286 0
202 -284 286 0
-202 284 286 0
-202 -284 -286 0
283 285 -287 0
283 -285 287 0
-283 285 287 0
-283 -285 -287 0
7 20 -288 0
7 -20 -288 0
-7 20 -288 0
-7 -20 288 0
213 288 -289 0
213 -288 -289 0
-213 288 -289 0
-213 -288 289 0
213 288 -290 0
213 -288 290 0
-213 288 290 0
-213 -288 -290 0
208 290 -291 0
208 -290 -291 0
-208 290 -291 0
-208 -290 291 0
208 290 -292 0
208 -290 292 0
-208 290 292 0
-208 -290 -292 0
289 291 -293 0
289 -291 293 0
-289 291 293 0
-289 -291 -293 0
8 20 -294 0
8 -20 -294 0
-8 20 -294 0
-8 -20 294 0
219 294 -295 0
219 -294 -295 0
-219 294 -295 0
-219 -294 295 0
219 294 -296 0
219 -294 296 0
-219 294 296 0
-219 -294 -296 0
214 296 -297 0
214 -296 -297 0
-214 296 -297 0
-214 -296 297 0
214 296 -298 0
214 -296 298 0
-214 296 298 0
-214 -296 -298 0
295 297 -299 0
295 -297 299 0
-295 297 299 0
-295 -297 -299 0
9 20 -300 0
9 -20 -300 0
-9 20 -300 0
-9 -20 300 0
225 300 -301 0
225 -300 -301 0
-225 300 -301 0
-225 -300 301 0
225 300 -302 0
225 -300 302 0
-225 300 302 0
-225 -300 -302 0
220 302 -303 0
220 -302 -303 0
-220 302 -303 0
-220 -302 303 0
220 302 -304 0
220 -302 304 0
-220 302 304 0
-220 -302 -304 0
301 303 -305 0
301 -303 305 0
-301 303 305 0
-301 -303 -305 0
10 20 -306 0
10 -20 -306 0
-10 20 -306 0
-10 -20 306 0
231 306 -307 0
231 -306 -307 0
-231 306 -307 0
-231 -306 307 0
231 306 -308 0
231 -306 308 0
-231 306 308 0
-231 -306 -308 0
226 308 -309 0
226 -308 -309 0
-226 308 -309 0
-226 -308 309 0
226 308 -310 0
226 -308 310 0
-226 308 310 0
-226 -308 -310 0
307 309 -311 0
307 -309 311 0
-307 309 311 0
-307 -309 -311 0
11 20 -312 0
11 -20 -312 0
-11 20 -312 0
-11 -20 312 0
237 312 -313 0
237 -312 -313 0
-237 312 -313 0
-237 -312 313 0
237 312 -314 0
237 -312 314 0
-237 312 314 0
-237 -312 -314 0
232 314 -315 0
232 -314 -315 0
-232 314 -315 0
-232 -314 315 0
232 314 -316 0
232 -314 316 0
-232 314 316 0
-232 -314 -316 0
313 315 -317 0
313 -315 317 0
-313 315 317 0
-313 -315 -317 0
12 20 -318 0
12 -20 -318 0
-12 20 -318 0
-12 -20 318 0
243 318 -319 0
243 -318 -319 0
-243 318 -319 0
-243 -318 319 0
243 318 -320 0
243 -318 320 0
-243 318 320 0
-243 -318 -320 0
238 320 -321 0
238 -320 -321 0
-238 320 -321 0
-238 -320 321 0
238 320 -322 0
238 -320 322 0
-238 320 322 0
-238 -320 -322 0
319 321 -323 0
319 -321 323 0
-319 321 323 0
-319 -321 -323 0
13 20 -324 0
13 -20 -324 0
-13 20 -324 0
-13 -20 324 0
249 324 -325 0
249 -324 -325 0
-249 324 -325 0
-249 -324 325 0
249 324 -326 0
249 -324 326 0
-249 324 326 0
-249 -324 -326 0
244 326 -327 0
244 -326 -327 0
-244 326 -327 0
-244 -326 327 0
244 326 -328 0
244 -326 328 0
-244 326 328 0
-244 -326 -328 0
325 327 -329 0
325 -327 329 0
-325 327 329 0
-325 -327 -329 0
14 20 -330 0
14 -20 -330 0
-14 20 -330 0
-14 -20 330 0
251 330 -331 0
251 -330 -331 0
-251 330 -331 0
-251 -330 331 0
251 330 -332 0
251 -330 332 0
-251 330 332 0
-251 -330 -332 0
250 332 -333 0
250 -332 -333 0
-250 332 -333 0
-250 -332 333 0
250 332 -334 0
250 -332 334 0
-250 332 334 0
-250 -332 -334 0
331 333 -335 0
331 -333 335 0
-331 333 335 0
-331 -333 -335 0
15 20 -336 0
15 -20 -336 0
-15 20 -336 0
-15 -20 336 0
1 21 -337 0
1 -21 -337 0
-1 21 -337 0
-1 -21 337 0
262 337 -338 0
262 -337 -338 0
-262 337 -338 0
-262 -337 338 0
262 337 -339 0
262 -337 339 0
-262 337 339 0
-262 -337 -339 0
257 339 -340 0
257 -339 -340 0
-257 339 -340 0
-257 -339 340 0
257 339 -341 0
257 -339 341 0
-257 339 341 0
-257 -339 -341 0
338 340 -342 0
338 -340 342 0
-338 340 342 0
-338 -340 -342 0
2 21 -343 0
2 -21 -343 0
-2 21 -343 0
-2 -21 343 0
268 343 -344 0
268 -343 -344 0
-268 343 -344 0
-268 -343 344 0
268 343 -345 0
268 -343 345 0
-268 343 345 0
-268 -343 -345 0
263 345 -346 0
263 -345 -346 0
-263 345 -346 0
-263 -345 346 0
263 345 -347 0
263 -345 347 0
-263 345 347 0
-263 -345 -347 0
344 346 -348 0
344 -346 348 0
-344 346 348 0
-344 -346 -348 0
3 21 -349 0
3 -21 -349 0
-3 21 -349 0
-3 -21 349 0
274 349 -350 0
274 -349 -350 0
-274 349 -350 0
-274 -349 350 0
274 349 -351 0
274 -349 351 0
-274 349 351 0
-274 -349 -351 0
269 351 -352 0
269 -351 -352 0
-269 351 -352 0
-269 -351 352 0
269 351 -353 0
269 -351 353 0
-269 351 353 0
-269 -351 -353 0
350 352 -354 0
350 -352 354 0
-350 352 354 0
-350 -352 -354 0
4 21 -355 0
4 -21 -355 0
-4 21 -355 0
-4 -21 355 0
280 355 -356 0
280 -355 -356 0
-280 355 -356 0
-280 -355 356 0
280 355 -357 0
280 -355 357 0
-280 355 357 0
-280 -355 -357 0
275 357 -358 0
275 -357 -358 0
-275 357 -358 0
-275 -357 358 0
275 357 -359 0
275 -357 359 0
-275 357 359 0
-275 -357 -359 0
356 358 -360 0
356 -358 360 0
-356 358 360 0
-356 -358 -360 0
5 21 -361 0
5 -21 -361 0
-5 21 -361 0
-5 -21 361 0
286 361 -362 0
286 -361 -362 0
-286 361 -362 0
-286 -361 362 0
286 361 -363 0
286 -361 363 0
-286 361 363 0
-286 -361 -363 0
281 363 -364 0
281 -363 -364 0
-281 363 -364 0
-281 -363 364 0
281 363 -365 0
281 -363 365 0
-281 363 365 0
-281 -363 -365 0
362 364 -366 0
362 -364 366 0
-362 364 366 0
-362 -364 -366 0
6 21 -367 0
6 -21 -367 0
-6 21 -367 0
-6 -21 367 0
292 367 -368 0
292 -367 -368 0
-292 367 -368 0
-292 -367 368 0
292 367 -369 0
292 -367 369 0
-292 367 369 0
-292 -367 -369 0
287 369 -370 0
287 -369 -370 0
-287 369 -370 0
-287 -369 370 0
287 369 -371 0
287 -369 371 0
-287 369 371 0
-287 -369 -371 0
368 370 -372 0
368 -370 372 0
-368 370 372 0
-368 -370 -372 0
7 21 -373 0
7 -21 -373 0
-7 21 -373 0
-7 -21 373 0
298 373 -374 0
298 -373 -374 0
-298 373 -374 0
-298 -373 374 0
298 373 -375 0
298 -373 375 0
-298 373 375 0
-298 -373 -375 0
293 375 -376 0
293 -375 -376 0
-293 375 -376 0
-293 -375 376 0
293 375 -377 0
293 -375 377 0
-293 375 377 0
-293 -375 -377 0
374 376 -378 0
374 -376 378 0
-374 376 378 0
-374 -376 -378 0
8 21 -379 0
8 -21 -379 0
-8 21 -379 0
-8 -21 379 0
304 379 -380 0
304 -379 -380 0
-304 379 -380 0
-304 -379 380 0
304 379 -381 0
304 -379 381 0
-304 379 381 0
-304 -379 -381 0
299 381 -382 0
299 -381 -382 0
-299 381 -382 0
-299 -381 382 0
299 381 -383 0
299 -381 383 0
-299 381 383 0
-299 -381 -383 0
380 382 -384 0
380 -382 384 0
-380 382 384 0
-380 -382 -384 0
9 21 -385 0
9 -21 -385 0
-9 21 -385 0
-9 -21 385 0
310 385 -386 0
310 -385 -386 0
-310 385 -386 0
-310 -385 386 0
310 385 -387 0
310 -385 387 0
-310 385 387 0
-310 -385 -387 0
305 387 -388 0
305 -387 -388 0
-305 387 -388 0
-305 -387 388 0
305 387 -389 0
305 -387 389 0
-305 387 389 0
-305 -387 -389 0
386 388 -390 0
386 -388 390 0
-386 388 390 0
-386 -388 -390 0
10 21 -391 0
10 -21 -391 0
-10 21 -391 0
-10 -21 391 0
316 391 -392 0
316 -391 -392 0
-316 391 -392 0
-316 -391 392 0
316 391 -393 0
316 -391 393 0
-316 391 393 0
-316 -391 -393 0
311 393 -394 0
311 -393 -394 0
-311 393 -394 0
-311 -393 394 0
311 393 -395 0
311 -393 395 0
-311 393 395 0
-311 -393 -395 0
392 394 -396 0
392 -394 396 0
-392 394 396 0
-392 -394 -396 0
11 21 -397 0
11 -21 -397 0
-11 21 -397 0
-11 -21 397 0
322 397 -398 0
322 -397 -398 0
-322 397 -398 0
-322 -397 398 0
322 397 -399 0
322 -397 399 0
-322 397 399 0
-322 -397 -399 0
317 399 -400 0
317 -399 -400 0
-317 399 -400 0
-317 -399 400 0
317 399 -401 0
317 -399 401 0
-317 399 401 0
-317 -399 -401 0
398 400 -402 0
398 -400 402 0
-398 400 402 0
-398 -400 -402 0
12 21 -403 0
12 -21 -403 0
-12 21 -403 0
-12 -21 403 0
328 403 -404 0
328 -403 -404 0
-328 403 -404 0
-328 -403 404 0
328 403 -405 0
328 -403 405 0
-328 403 405 0
-328 -403 -405 0
323 405 -406 0
323 -405 -406 0
-323 405 -406 0
-323 -405 406 0
323 405 -407 0
323 -405 407 0
-323 405 407 0
-323 -405 -407 0
404 406 -408 0
404 -406 408 0
-404 406 408 0
-404 -406 -408 0
13 21 -409 0
13 -21 -409 0
-13 21 -409 0
-13 -21 409 0
334 409 -410 0
334 -409 -410 0
-334 409 -410 0
-334 -409 410 0
334 409 -411 0
334 -409 411 0
-334 409 411 0
-334 -409 -411 0
329 411 -412 0
329 -411 -412 0
-329 411 -412 0
-329 -411 412 0
329 411 -413 0
329 -411 413 0
-329 411 413 0
-329 -411 -413 0
410 412 -414 0
410 -412 414 0
-410 412 414 0
-410 -412 -414 0
14 21 -415 0
14 -21 -415 0
-14 21 -415 0
-14 -21 415 0
336 415 -416 0
336 -415 -416 0
-336 415 -416 0
-336 -415 416 0
336 415 -417 0
336 -415 417 0
-336 415 417 0
-336 -415 -417 0
335 417 -418 0
335 -417 -418 0
-335 417 -418 0
-335 -417 418 0
335 417 -419 0
335 -417 419 0
-335 417 419 0
-335 -417 -419 0
416 418 -420 0
416 -418 420 0
-416 418 420 0
-416 -418 -420 0
15 21 -421 0
15 -21 -421 0
-15 21 -421 0
-15 -21 421 0
1 22 -422 0
1 -22 -422 0
-1 22 -422 0
-1 -22 422 0
347 422 -423 0
347 -422 -423 0
-347 422 -423 0
-347 -422 423 0
347 422 -424 0
347 -422 424 0
-347 422 424 0
-347 -422 -424 0
342 424 -425 0
342 -424 -425 0
-342 424 -425 0
-342 -424 425 0
342 424 -426 0
342 -424 426 0
-342 424 426 0
-342 -424 -426 0
423 425 -427 0
423 -425 427 0
-423 425 427 0
-423 -425 -427 0
2 22 -428 0
2 -22 -428 0
-2 22 -428 0
-2 -22 428 0
353 428 -429 0
353 -428 -429 0
-353 428 -429 0
-353 -428 429 0
353 428 -430 0
353 -428 430 0
-353 428 430 0
-353 -428 -430 0
348 430 -431 0
348 -430 -431 0
-348 430 -431 0
-348 -430 431 0
348 430 -432 0
348 -430 432 0
-348 430 432 0
-348 -430 -432 0
429 431 -433 0
429 -431 433 0
-429 431 433 0
-429 -431 -433 0
3 22 -434 0
3 -22 -434 0
-3 22 -434 0
-3 -22 434 0
359 434 -435 0
359 -434 -435 0
-359 434 -435 0
-359 -434 435 0
359 434 -436 0
359 -434 436 0
-359 434 436 0
-359 -434 -436 0
354 436 -437 0
354 -436 -437 0
-354 436 -437 0
-354 -436 437 0
354 436 -438 0
354 -436 438 0
-354 436 438 0
-354 -436 -438 0
435 437 -439 0
435 -437 439 0
-435 437 439 0
-435 -437 -439 0
4 22 -440 0
4 -22 -440 0
-4 22 -440 0
-4 -22 440 0
365 440 -441 0
365 -440 -441 0
-365 440 -441 0
-365 -440 441 0
365 440 -442 0
365 -440 442 0
-365 440 442 0
-365 -440 -442 0
360 442 -443 0
360 -442 -443 0
-360 442 -443 0
-360 -442 443 0
360 442 -444 0
360 -442 444 0
-360 442 444 0
-360 -442 -444 0
441 443 -445 0
441 -443 445 0
-441 443 445 0
-441 -443 -445 0
5 22 -446 0
5 -22 -446 0
-5 22 -446 0
-5 -22 446 0
371 446 -447 0
371 -446 -447 0
-371 446 -447 0
-371 -446 447 0
371 446 -448 0
371 -446 448 0
-371 446 448 0
-371 -446 -448 0
366 448 -449 0
366 -448 -449 0
-366 448 -449 0
-366 -448 449 0
366 448 -450 0
366 -448 450 0
-366 448 450 0
-366 -448 -450 0
447 449 -451 0
447 -449 451 0
-447 449 451 0
-447 -449 -451 0
6 22 -452 0
6 -22 -452 0
-6 22 -452 0
-6 -22 452 0
377 452 -453 0
377 -452 -453 0
-377 452 -453 0
-377 -452 453 0
377 452 -454 0
377 -452 454 0
-377 452 454 0
-377 -452 -454 0
372 454 -455 0
372 -454 -455 0
-372 454 -455 0
-372 -454 455 0
372 454 -456 0
372 -454 456 0
-372 454 456 0
-372 -454 -456 0
453 455 -457 0
453 -455 457 0
-453 455 457 0
-453 -455 -457 0
7 22 -458 0
7 -22 -458 0
-7 22 -458 0
-7 -22 458 0
383 458 -459 0
383 -458 -459 0
-383 458 -459 0
-383 -458 459 0
383 458 -460 0
383 -458 460 0
-383 458 460 0
-383 -458 -460 0
378 460 -461 0
378 -460 -461 0
-378 460 -461 0
-378 -460 461 0
378 460 -462 0
378 -460 462 0
-378 460 462 0
-378 -460 -462 0
459 461 -463 0
459 -461 463 0
-459 461 463 0
-459 -461 -463 0
8 22 -464 0
8 -22 -464 0
-8 22 -464 0
-8 -22 464 0
389 464 -465 0
389 -464 -465 0
-389 464 -465 0
-389 -464 465 0
389 464 -466 0
389 -464 466 0
-389 464 466 0
-389 -464 -466 0
384 466 -467 0
384 -466 -467 0
-384 466 -467 0
-384 -466 467 0
384 466 -468 0
384 -466 468 0
-384 466 468 0
-384 -466 -468 0
465 467 -469 0
465 -467 469 0
-465 467 469 0
-465 -467 -469 0
9 22 -470 0
9 -22 -470 0
-9 22 -470 0
-9 -22 470 0
395 470 -471 0
395 -470 -471 0
-395 470 -471 0
-395 -470 471 0
395 470 -472 0
395 -470 472 0
-395 470 472 0
-395 -470 -472 0
390 472 -473 0
390 -472 -473 0
-390 472 -473 0
-390 -472 473 0
390 472 -474 0
390 -472 474 0
-390 472 474 0
-390 -472 -474 0
471 473 -475 0
471 -473 475 0
-471 473 475 0
-471 -473 -475 0
10 22 -476 0
10 -22 -476 0
-10 22 -476 0
-10 -22 476 0
401 476 -477 0
401 -476 -477 0
-401 476 -477 0
-401 -476 477 0
401 476 -478 0
401 -476 478 0
-401 476 478 0
-401 -476 -478 0
396 478 -479 0
396 -478 -479 0
-396 478 -479 0
-396 -478 479 0
396 478 -480 0
396 -478 480 0
-396 478 480 0
-396 -478 -480 0
477 479 -481 0
477 -479 481 0
-477 479 481 0
-477 -479 -481 0
11 22 -482 0
11 -22 -482 0
-11 22 -482 0
-11 -22 482 0
407 482 -483 0
407 -482 -483 0
-407 482 -483 0
-407 -482 483 0
407 482 -484 0
407 -482 484 0
-407 482 484 0
-407 -482 -484 0
402 484 -485 0
402 -484 -485 0
-402 484 -485 0
-402 -484 485 0
402 484 -486 0
402 -484 486 0
-402 484 486 0
-402 -484 -486 0
483 485 -487 0
483 -485 487 0
-483 485 487 0
-483 -485 -487 0
12 22 -488 0
12 -22 -488 0
-12 22 -488 0
-12 -22 488 0
413 488 -489 0
413 -488 -489 0
-413 488 -489 0
-413 -488 489 0
413 488 -490 0
413 -488 490 0
-413 488 490 0
-413 -488 -490 0
408 490 -491 0
408 -490 -491 0
-408 490 -491 0
-408 -490 491 0
408 490 -492 0
408 -490 492 0
-408 490 492 0
-408 -490 -492 0
489 491 -493 0
489 -491 493 0
-489 491 493 0
-489 -491 -493 0
13 22 -494 0
13 -22 -494 0
-13 22 -494 0
-13 -22 494 0
419 494 -495 0
419 -494 -495 0
-419 494 -495 0
-419 -494 495 0
419 494 -496 0
419 -494 496 0
-419 494 496 0
-419 -494 -496 0
414 496 -497 0
414 -496 -497 0
-414 496 -497 0
-414 -496 497 0
414 496 -498 0
414 -496 498 0
-414 496 498 0
-414 -496 -498 0
495 497 -499 0
495 -497 499 0
-495 497 499 0
-495 -497 -499 0
14 22 -500 0
14 -22 -500 0
-14 22 -500 0
-14 -22 500 0
421 500 -501 0
421 -500 -501 0
-421 500 -501 0
-421 -500 501 0
421 500 -502 0
421 -500 502 0
-421 500 502 0
-421 -500 -502 0
420 502 -503 0
420 -502 -503 0
-420 502 -503 0
-420 -502 503 0
420 502 -504 0
420 -502 504 0
-420 502 504 0
-420 -502 -504 0
501 503 -505 0
501 -503 505 0
-501 503 505 0
-501 -503 -505 0
15 22 -506 0
15 -22 -506 0
-15 22 -506 0
-15 -22 506 0
1 23 -507 0
1 -23 -507 0
-1 23 -507 0
-1 -23 507 0
432 507 -508 0
432 -507 -508 0
-432 507 -508 0
-432 -507 508 0
432 507 -509 0
432 -507 509 0
-432 507 509 0
-432 -507 -509 0
427 509 -510 0
427 -509 -510 0
-427 509 -510 0
-427 -509 510 0
427 509 -511 0
427 -509 511 0
-427 509 511 0
-427 -509 -511 0
508 510 -512 0
508 -510 512 0
-508 510 512 0
-508 -510 -512 0
2 23 -513 0
2 -23 -513 0
-2 23 -513 0
-2 -23 513 0
438 513 -514 0
438 -513 -514 0
-438 513 -514 0
-438 -513 514 0
438 513 -515 0
438 -513 515 0
-438 513 515 0
-438 -513 -515 0
433 515 -516 0
433 -515 -516 0
-433 515 -516 0
-433 -515 516 0
433 515 -517 0
433 -515 517 0
-433 515 517 0
-433 -515 -517 0
514 516 -518 0
514 -516 518 0
-514 516 518 0
-514 -516 -518 0
3 23 -519 0
3 -23 -519 0
-3 23 -519 0
-3 -23 519 0
444 519 -520 0
444 -519 -520 0
-444 519 -520 0
-444 -519 520 0
444 519 -521 0
444 -519 521 0
-444 519 521 0
-444 -519 -521 0
439 521 -522 0
439 -521 -522 0
-439 521 -522 0
-439 -521 522 0
439 521 -523 0
439 -521 523 0
-439 521 523 0
-439 -521 -523 0
520 522 -524 0
520 -522 524 0
-520 522 524 0
-520 -522 -524 0
4 23 -525 0
4 -23 -525 0
-4 23 -525 0
-4 -23 525 0
450 525 -526 0
450 -525 -526 0
-450 525 -526 0
-450 -525 526 0
450 525 -527 0
450 -525 527 0
-450 525 527 0
-450 -525 -527 0
445 527 -528 0
445 -527 -528 0
-445 527 -528 0
-445 -527 528 0
445 527 -529 0
445 -527 529 0
-445 527 529 0
-445 -527 -529 0
526 528 -530 0
526 -528 530 0
-526 528 530 0
-526 -528 -530 0
5 23 -531 0
5 -23 -531 0
-5 23 -531 0
-5 -23 531 0
456 531 -532 0
456 -531 -532 0
-456 531 -532 0
-456 -531 532 0
456 531 -533 0
456 -531 533 0
-456 531 533 0
-456 -531 -533 0
451 533 -534 0
451 -533 -534 0
-451 533 -534 0
-451 -533 534 0
451 533 -535 0
451 -533 535 0
-451 533 535 0
-451 -533 -535 0
532 534 -536 0
532 -534 536 0
-532 534 536 0
-532 -534 -536 0
6 23 -537 0
6 -23 -537 0
-6 23 -537 0
-6 -23 537 0
462 537 -538 0
462 -537 -538 0
-462 537 -538 0
-462 -537 538 0
462 537 -539 0
462 -537 539 0
-462 537 539 0
-462 -537 -539 0
457 539 -540 0
457 -539 -540 0
-457 539 -540 0
-457 -539 540 0
457 539 -541 0
457 -539 541 0
-457 539 541 0
-457 -539 -541 0
538 540 -542 0
538 -540 542 0
-538 540 542 0
-538 -540 -542 0
7 23 -543 0
7 -23 -543 0
-7 23 -543 0
-7 -23 543 0
468 543 -544 0
468 -543 -544 0
-468 543 -544 0
-468 -543 544 0
468 543 -545 0
468 -543 545 0
-468 543 545 0
-468 -543 -545 0
463 545 -546 0
463 -545 -546 0
-463 545 -546 0
-463 -545 546 0
463 545 -547 0
463 -545 547 0
-463 545 547 0
-463 -545 -547 0
544 546 -548 0
544 -546 548 0
-544 546 548 0
-544 -546 -548 0
8 23 -549 0
8 -23 -549 0
-8 23 -549 0
-8 -23 549 0
474 549 -550 0
474 -549 -550 0
-474 549 -550 0
-474 -549 550 0
474 549 -551 0
474 -549 551 0
-474 549 551 0
-474 -549 -551 0
469 551 -552 0
469 -551 -552 0
-469 551 -552 0
-469 -551 552 0
469 551 -553 0
469 -551 553 0
-469 551 553 0
-469 -551 -553 0
550 552 -554 0
550 -552 554 0
-550 552 554 0
-550 -552 -554 0
9 23 -555 0
9 -23 -555 0
-9 23 -555 0
-9 -23 555 0
480 555 -556 0
480 -555 -556 0
-480 555 -556 0
-480 -555 556 0
480 555 -557 0
480 -555 557 0
-480 555 557 0
-480 -555 -557 0
475 557 -558 0
475 -557 -558 0
-475 557 -558 0
-475 -557 558 0
475 557 -559 0
475 -557 559 0
-475 557 559 0
-475 -557 -559 0
556 558 -560 0
556 -558 560 0
-556 558 560 0
-556 -558 -560 0
10 23 -561 0
10 -23 -561 0
-10 23 -561 0
-10 -23 561 0
486 561 -562 0
486 -561 -562 0
-486 561 -562 0
-486 -561 562 0
486 561 -563 0
486 -561 563 0
-486 561 563 0
-486 -561 -563 0
481 563 -564 0
481 -563 -564 0
-481 563 -564 0
-481 -563 564 0
481 563 -565 0
481 -563 565 0
-481 563 565 0
-481 -563 -565 0
562 564 -566 0
562 -564 566 0
-562 564 566 0
-562 -564 -566 0
11 23 -567 0
11 -23 -567 0
-11 23 -567 0
-11 -23 567 0
492 567 -568 0
492 -567 -568 0
-492 567 -568 0
-492 -567 568 0
492 567 -569 0
492 -567 569 0
-492 567 569 0
-492 -567 -569 0
487 569 -570 0
487 -569 -570 0
-487 569 -570 0
-487 -569 570 0
487 569 -571 0
487 -569 571 0
-487 569 571 0
-487 -569 -571 0
568 570 -572 0
568 -570 572 0
-568 570 572 0
-568 -570 -572 0
12 23 -573 0
12 -23 -573 0
-12 23 -573 0
-12 -23 573 0
498 573 -574 0
498 -573 -574 0
-498 573 -574 0
-498 -573 574 0
498 573 -575 0
498 -573 575 0
-498 573 575 0
-498 -573 -575 0
493 575 -576 0
493 -575 -576 0
-493 575 -576 0
-493 -575 576 0
493 575 -577 0
493 -575 577 0
-493 575 577 0
-493 -575 -577 0
574 576 -578 0
574 -576 578 0
-574 576 578 0
-574 -576 -578 0
13 23 -579 0
13 -23 -579 0
-13 23 -579 0
-13 -23 579 0
504 579 -580 0
504 -579 -580 0
-504 579 -580 0
-504 -579 580 0
504 579 -581 0
504 -579 581 0
-504 579 581 0
-504 -579 -581 0
499 581 -582 0
499 -581 -582 0
-499 581 -582 0
-499 -581 582 0
499 581 -583 0
499 -581 583 0
-499 581 583 0
-499 -581 -583 0
580 582 -584 0
580 -582 584 0
-580 582 584 0
-580 -582 -584 0
14 23 -585 0
14 -23 -585 0
-14 23 -585 0
-14 -23 585 0
506 585 -586 0
506 -585 -586 0
-506 585 -586 0
-506 -585 586 0
506 585 -587 0
506 -585 587 0
-506 585 587 0
-506 -585 -587 0
505 587 -588 0
505 -587 -588 0
-505 587 -588 0
-505 -587 588 0
505 587 -589 0
505 -587 589 0
-505 587 589 0
-505 -587 -589 0
586 588 -590 0
586 -588 590 0
-586 588 590 0
-586 -588 -590 0
15 23 -591 0
15 -23 -591 0
-15 23 -591 0
-15 -23 591 0
512 517 -592 0
512 -517 -592 0
-512 517 -592 0
-512 -517 592 0
512 517 -593 0
512 -517 593 0
-512 517 593 0
-512 -517 -593 0
518 523 -594 0
518 -523 -594 0
-518 523 -594 0
-518 -523 594 0
518 523 -595 0
518 -523 595 0
-518 523 595 0
-518 -523 -595 0
592 595 -596 0
592 -595 -596 0
-592 595 -596 0
-592 -595 596 0
592 595 -597 0
592 -595 597 0
-592 595 597 0
-592 -595 -597 0
594 596 -598 0
594 -596 598 0
-594 596 598 0
-594 -596 -598 0
524 529 -599 0
524 -529 -599 0
-524 529 -599 0
-524 -529 599 0
524 529 -600 0
524 -529 600 0
-524 529 600 0
-524 -529 -600 0
598 600 -601 0
598 -600 -601 0
-598 600 -601 0
-598 -600 601 0
598 600 -602 0
598 -600 602 0
-598 600 602 0
-598 -600 -602 0
599 601 -603 0
599 -601 603 0
-599 601 603 0
-599 -601 -603 0
530 535 -604 0
530 -535 -604 0
-530 535 -604 0
-530 -535 604 0
530 535 -605 0
530 -535 605 0
-530 535 605 0
-530 -535 -605 0
603 605 -606 0
603 -605 -606 0
-603 605 -606 0
-603 -605 606 0
603 605 -607 0
603 -605 607 0
-603 605 607 0
-603 -605 -607 0
604 606 -608 0
604 -606 608 0
-604 606 608 0
-604 -606 -608 0
536 541 -609 0
536 -541 -609 0
-536 541 -609 0
-536 -541 609 0
536 541 -610 0
536 -541 610 0
-536 541 610 0
-536 -541 -610 0
608 610 -611 0
608 -610 -611 0
-608 610 -611 0
-608 -610 611 0
608 610 -612 0
608 -610 612 0
-608 610 612 0
-608 -610 -612 0
609 611 -613 0
609 -611 613 0
-609 611 613 0
-609 -611 -613 0
542 547 -614 0
542 -547 -614 0
-542 547 -614 0
-542 -547 614 0
542 547 -615 0
542 -547 615 0
-542 547 615 0
-542 -547 -615 0
613 615 -616 0
613 -615 -616 0
-613 615 -616 0
-613 -615 616 0
613 615 -617 0
613 -615 617 0
-613 615 617 0
-613 -615 -617 0
614 616 -618 0
614 -616 618 0
-614 616 618 0
-614 -616 -618 0
548 553 -619 0
548 -553 -619 0
-548 553 -619 0
-548 -553 619 0
548 553 -620 0
548 -553 620 0
-548 553 620 0
-548 -553 -620 0
618 620 -621 0
618 -620 -621 0
-618 620 -621 0
-618 -620 621 0
618 620 -622 0
618 -620 622 0
-618 620 622 0
-618 -620 -622 0
619 621 -623 0
619 -621 623 0
-619 621 623 0
-619 -621 -623 0
554 559 -624 0
554 -559 -624 0
-554 559 -624 0
-554 -559 624 0
554 559 -625 0
554 -559 625 0
-554 559 625 0
-554 -559 -625 0
623 625 -626 0
623 -625 -626 0
-623 625 -626 0
-623 -625 626 0
623 625 -627 0
623 -625 627 0
-623 625 627 0
-623 -625 -627 0
624 626 -628 0
624 -626 628 0
-624 626 628 0
-624 -626 -628 0
560 565 -629 0
560 -565 -629 0
-560 565 -629 0
-560 -565 629 0
560 565 -630 0
560 -565 630 0
-560 565 630 0
-560 -565 -630 0
628 630 -631 0
628 -630 -631 0
-628 630 -631 0
-628 -630 631 0
628 630 -632 0
628 -630 632 0
-628 630 632 0
-628 -630 -632 0
629 631 -633 0
629 -631 633 0
-629 631 633 0
-629 -631 -633 0
566 571 -634 0
566 -571 -634 0
-566 571 -634 0
-566 -571 634 0
566 571 -635 0
566 -571 635 0
-566 571 635 0
-566 -571 -635 0
633 635 -636 0
633 -635 -636 0
-633 635 -636 0
-633 -635 636 0
633 635 -637 0
633 -635 637 0
-633 635 637 0
-633 -635 -637 0
634 636 -638 0
634 -636 638 0
-634 636 638 0
-634 -636 -638 0
572 577 -639 0
572 -577 -639 0
-572 577 -639 0
-572 -577 639 0
572 577 -640 0
572 -577 640 0
-572 577 640 0
-572 -577 -640 0
638 640 -641 0
638 -640 -641 0
-638 640 -641 0
-638 -640 641 0
638 640 -642 0
638 -640 642 0
-638 640 642 0
-638 -640 -642 0
639 641 -643 0
639 -641 643 0
-639 641 643 0
-639 -641 -643 0
578 583 -644 0
578 -583 -644 0
-578 583 -644 0
-578 -583 644 0
578 583 -645 0
578 -583 645 0
-578 583 645 0
-578 -583 -645 0
643 645 -646 0
643 -645 -646 0
-643 645 -646 0
-643 -645 646 0
643 645 -647 0
643 -645 647 0
-643 645 647 0
-643 -645 -647 0
644 646 -648 0
644 -646 648 0
-644 646 648 0
-644 -646 -648 0
584 589 -649 0
584 -589 -649 0
-584 589 -649 0
-584 -589 649 0
584 589 -650 0
584 -589 650 0
-584 589 650 0
-584 -589 -650 0
648 650 -651 0
648 -650 -651 0
-648 650 -651 0
-648 -650 651 0
648 650 -652 0
648 -650 652 0
-648 650 652 0
-648 -650 -652 0
649 651 -653 0
649 -651 653 0
-649 651 653 0
-649 -651 -653 0
590 591 -654 0
590 -591 -654 0
-590 591 -654 0
-590 -591 654 0
590 591 -655 0
590 -591 655 0
-590 591 655 0
-590 -591 -655 0
653 655 -656 0
653 -655 -656 0
-653 655 -656 0
-653 -655 656 0
653 655 -657 0
653 -655 657 0
-653 655 657 0
-653 -655 -657 0
654 656 -658 0
654 -656 658 0
-654 656 658 0
-654 -656 -658 0