p cnf 612 2360
1 15 -23 0
1 -15 -23 0
-1 15 -23 0
-1 -15 23 0
2 15 -24 0
2 -15 -24 0
-2 15 -24 0
-2 -15 24 0
3 15 -25 0
3 -15 -25 0
-3 15 -25 0
-3 -15 25 0
4 15 -26 0
4 -15 -26 0
-4 15 -26 0
-4 -15 26 0
5 15 -27 0
5 -15 -27 0
-5 15 -27 0
-5 -15 27 0
6 15 -28 0
6 -15 -28 0
-6 15 -28 0
-6 -15 28 0
7 15 -29 0
7 -15 -29 0
-7 15 -29 0
-7 -15 29 0
8 15 -30 0
8 -15 -30 0
-8 15 -30 0
-8 -15 30 0
9 15 -31 0
9 -15 -31 0
-9 15 -31 0
-9 -15 31 0
10 15 -32 0
10 -15 -32 0
-10 15 -32 0
-10 -15 32 0
11 15 -33 0
11 -15 -33 0
-11 15 -33 0
-11 -15 33 0
12 15 -34 0
12 -15 -34 0
-12 15 -34 0
-12 -15 34 0
13 15 -35 0
13 -15 -35 0
-13 15 -35 0
-13 -15 35 0
14 15 -36 0
14 -15 -36 0
-14 15 -36 0
-14 -15 36 0
1 16 -37 0
1 -16 -37 0
-1 16 -37 0
-1 -16 37 0
24 37 -38 0
24 -37 -38 0
-24 37 -38 0
-24 -37 38 0
24 37 -39 0
24 -37 39 0
-24 37 39 0
-24 -37 -39 0
2 16 -40 0
2 -16 -40 0
-2 16 -40 0
-2 -16 40 0
25 40 -41 0
25 -40 -41 0
-25 40 -41 0
-25 -40 41 0
25 40 -42 0
25 -40 42 0
-25 40 42 0
-25 -40 -42 0
3 16 -43 0
3 -16 -43 0
-3 16 -43 0
-3 -16 43 0
26 43 -44 0
26 -43 -44 0
-26 43 -44 0
-26 -43 44 0
26 43 -45 0
26 -43 45 0
-26 43 45 0
-26 -43 -45 0
4 16 -46 0
4 -16 -46 0
-4 16 -46 0
-4 -16 46 0
27 46 -47 0
27 -46 -47 0
-27 46 -47 0
-27 -46 47 0
27 46 -48 0
27 -46 48 0
-27 46 48 0
-27 -46 -48 0
5 16 -49 0
5 -16 -49 0
-5 16 -49 0
-5 -16 49 0
28 49 -50 0
28 -49 -50 0
-28 49 -50 0
-28 -49 50 0
28 49 -51 0
28 -49 51 0
-28 49 51 0
-28 -49 -51 0
6 16 -52 0
6 -16 -52 0
-6 16 -52 0
-6 -16 52 0
29 52 -53 0
29 -52 -53 0
-29 52 -53 0
-29 -52 53 0
29 52 -54 0
29 -52 54 0
-29 52 54 0
-29 -52 -54 0
7 16 -55 0
7 -16 -55 0
-7 16 -55 0
-7 -16 55 0
30 55 -56 0
30 -55 -56 0
-30 55 -56 0
-30 -55 56 0
30 55 -57 0
30 -55 57 0
-30 55 57 0
-30 -55 -57 0
8 16 -58 0
8 -16 -58 0
-8 16 -58 0
-8 -16 58 0
31 58 -59 0
31 -58 -59 0
-31 58 -59 0
-31 -58 59 0
31 58 -60 0
31 -58 60 0
-31 58 60 0
-31 -58 -60 0
9 16 -61 0
9 -16 -61 0
-9 16 -61 0
-9 -16 61 0
32 61 -62 0
32 -61 -62 0
-32 61 -62 0
-32 -61 62 0
32 61 -63 0
32 -61 63 0
-32 61 63 0
-32 -61 -63 0
10 16 -64 0
10 -16 -64 0
-10 16 -64 0
-10 -16 64 0
33 64 -65 0
33 -64 -65 0
-33 64 -65 0
-33 -64 65 0
33 64 -66 0
33 -64 66 0
-33 64 66 0
-33 -64 -66 0
11 16 -67 0
11 -16 -67 0
-11 16 -67 0
-11 -16 67 0
34 67 -68 0
34 -67 -68 0
-34 67 -68 0
-34 -67 68 0
34 67 -69 0
34 -67 69 0
-34 67 69 0
-34 -67 -69 0
12 16 -70 0
12 -16 -70 0
-12 16 -70 0
-12 -16 70 0
35 70 -71 0
35 -70 -71 0
-35 70 -71 0
-35 -70 71 0
35 70 -72 0
35 -70 72 0
-35 70 72 0
-35 -70 -72 0
13 16 -73 0
13 -16 -73 0
-13 16 -73 0
-13 -16 73 0
36 73 -74 0
36 -73 -74 0
-36 73 -74 0
-36 -73 74 0
36 73 -75 0
36 -73 75 0
-36 73 75 0
-36 -73 -75 0
14 16 -76 0
14 -16 -76 0
-14 16 -76 0
-14 -16 76 0
1 17 -77 0
1 -17 -77 0
-1 17 -77 0
-1 -17 77 0
42 77 -78 0
42 -77 -78 0
-42 77 -78 0
-42 -77 78 0
42 77 -79 0
42 -77 79 0
-42 77 79 0
-42 -77 -79 0
38 79 -80 0
38 -79 -80 0
-38 79 -80 0
-38 -79 80 0
38 79 -81 0
38 -79 81 0
-38 79 81 0
-38 -79 -81 0
78 80 -82 0
78 -80 82 0
-78 80 82 0
-78 -80 -82 0
2 17 -83 0
2 -17 -83 0
-2 17 -83 0
-2 -17 83 0
45 83 -84 0
45 -83 -84 0
-45 83 -84 0
-45 -83 84 0
45 83 -85 0
45 -83 85 0
-45 83 85 0
-45 -83 -85 0
41 85 -86 0
41 -85 -86 0
-41 85 -86 0
-41 -85 86 0
41 85 -87 0
41 -85 87 0
-41 85 87 0
-41 -85 -87 0
84 86 -88 0
84 -86 88 0
-84 86 88 0
-84 -86 -88 0
3 17 -89 0
3 -17 -89 0
-3 17 -89 0
-3 -17 89 0
48 89 -90 0
48 -89 -90 0
-48 89 -90 0
-48 -89 90 0
48 89 -91 0
48 -89 91 0
-48 89 91 0
-48 -89 -91 0
44 91 -92 0
44 -91 -92 0
-44 91 -92 0
-44 -91 92 0
44 91 -93 0
44 -91 93 0
-44 91 93 0
-44 -91 -93 0
90 92 -94 0
90 -92 94 0
-90 92 94 0
-90 -92 -94 0
4 17 -95 0
4 -17 -95 0
-4 17 -95 0
-4 -17 95 0
51 95 -96 0
51 -95 -96 0
-51 95 -96 0
-51 -95 96 0
51 95 -97 0
51 -95 97 0
-51 95 97 0
-51 -95 -97 0
47 97 -98 0
47 -97 -98 0
-47 97 -98 0
-47 -97 98 0
47 97 -99 0
47 -97 99 0
-47 97 99 0
-47 -97 -99 0
96 98 -100 0
96 -98 100 0
-96 98 100 0
-96 -98 -100 0
5 17 -101 0
5 -17 -101 0
-5 17 -101 0
-5 -17 101 0
54 101 -102 0
54 -101 -102 0
-54 101 -102 0
-54 -101 102 0
54 101 -103 0
54 -101 103 0
-54 101 103 0
-54 -101 -103 0
50 103 -104 0
50 -103 -104 0
-50 103 -104 0
-50 -103 104 0
50 103 -105 0
50 -103 105 0
-50 103 105 0
-50 -103 -105 0
102 104 -106 0
102 -104 106 0
-102 104 106 0
-102 -104 -106 0
6 17 -107 0
6 -17 -107 0
-6 17 -107 0
-6 -17 107 0
57 107 -108 0
57 -107 -108 0
-57 107 -108 0
-57 -107 108 0
57 107 -109 0
57 -107 109 0
-57 107 109 0
-57 -107 -109 0
53 109 -110 0
53 -109 -110 0
-53 109 -110 0
-53 -109 110 0
53 109 -111 0
53 -109 111 0
-53 109 111 0
-53 -109 -111 0
108 110 -112 0
108 -110 112 0
-108 110 112 0
-108 -110 -112 0
7 17 -113 0
7 -17 -113 0
-7 17 -113 0
-7 -17 113 0
60 113 -114 0
60 -113 -114 0
-60 113 -114 0
-60 -113 114 0
60 113 -115 0
60 -113 115 0
-60 113 115 0
-60 -113 -115 0
56 115 -116 0
56 -115 -116 0
-56 115 -116 0
-56 -115 116 0
56 115 -117 0
56 -115 117 0
-56 115 117 0
-56 -115 -117 0
114 116 -118 0
114 -116 118 0
-114 116 118 0
-114 -116 -118 0
8 17 -119 0
8 -17 -119 0
-8 17 -119 0
-8 -17 119 0
63 119 -120 0
63 -119 -120 0
-63 119 -120 0
-63 -119 120 0
63 119 -121 0
63 -119 121 0
-63 119 121 0
-63 -119 -121 0
59 121 -122 0
59 -121 -122 0
-59 121 -122 0
-59 -121 122 0
59 121 -123 0
59 -121 123 0
-59 121 123 0
-59 -121 -123 0
120 122 -124 0
120 -122 124 0
-120 122 124 0
-120 -122 -124 0
9 17 -125 0
9 -17 -125 0
-9 17 -125 0
-9 -17 125 0
66 125 -126 0
66 -125 -126 0
-66 125 -126 0
-66 -125 126 0
66 125 -127 0
66 -125 127 0
-66 125 127 0
-66 -125 -127 0
62 127 -128 0
62 -127 -128 0
-62 127 -128 0
-62 -127 128 0
62 127 -129 0
62 -127 129 0
-62 127 129 0
-62 -127 -129 0
126 128 -130 0
126 -128 130 0
-126 128 130 0
-126 -128 -130 0
10 17 -131 0
10 -17 -131 0
-10 17 -131 0
-10 -17 131 0
69 131 -132 0
69 -131 -132 0
-69 131 -132 0
-69 -131 132 0
69 131 -133 0
69 -131 133 0
-69 131 133 0
-69 -131 -133 0
65 133 -134 0
65 -133 -134 0
-65 133 -134 0
-65 -133 134 0
65 133 -135 0
65 -133 135 0
-65 133 135 0
-65 -133 -135 0
132 134 -136 0
132 -134 136 0
-132 134 136 0
-132 -134 -136 0
11 17 -137 0
11 -17 -137 0
-11 17 -137 0
-11 -17 137 0
72 137 -138 0
72 -137 -138 0
-72 137 -138 0
-72 -137 138 0
72 137 -139 0
72 -137 139 0
-72 137 139 0
-72 -137 -139 0
68 139 -140 0
68 -139 -140 0
-68 139 -140 0
-68 -139 140 0
68 139 -141 0
68 -139 141 0
-68 139 141 0
-68 -139 -141 0
138 140 -142 0
138 -140 142 0
-138 140 142 0
-138 -140 -142 0
12 17 -143 0
12 -17 -143 0
-12 17 -143 0
-12 -17 143 0
75 143 -144 0
75 -143 -144 0
-75 143 -144 0
-75 -143 144 0
75 143 -145 0
75 -143 145 0
-75 143 145 0
-75 -143 -145 0
71 145 -146 0
71 -145 -146 0
-71 145 -146 0
-71 -145 146 0
71 145 -147 0
71 -145 147 0
-71 145 147 0
-71 -145 -147 0
144 146 -148 0
144 -146 148 0
-144 146 148 0
-144 -146 -148 0
13 17 -149 0
13 -17 -149 0
-13 17 -149 0
-13 -17 149 0
76 149 -150 0
76 -149 -150 0
-76 149 -150 0
-76 -149 150 0
76 149 -151 0
76 -149 151 0
-76 149 151 0
-76 -149 -151 0
74 151 -152 0
74 -151 -152 0
-74 151 -152 0
-74 -151 152 0
74 151 -153 0
74 -151 153 0
-74 151 153 0
-74 -151 -153 0
150 152 -154 0
150 -152 154 0
-150 152 154 0
-150 -152 -154 0
14 17 -155 0
14 -17 -155 0
-14 17 -155 0
-14 -17 155 0
1 18 -156 0
1 -18 -156 0
-1 18 -156 0
-1 -18 156 0
87 156 -157 0
87 -156 -157 0
-87 156 -157 0
-87 -156 157 0
87 156 -158 0
87 -156 158 0
-87 156 158 0
-87 -156 -158 0
82 158 -159 0
82 -158 -159 0
-82 158 -159 0
-82 -158 159 0
82 158 -160 0
82 -158 160 0
-82 158 160 0
-82 -158 -160 0
157 159 -161 0
157 -159 161 0
-157 159 161 0
-157 -159 -161 0
2 18 -162 0
2 -18 -162 0
-2 18 -162 0
-2 -18 162 0
93 162 -163 0
93 -162 -163 0
-93 162 -163 0
-93 -162 163 0
93 162 -164 0
93 -162 164 0
-93 162 164 0
-93 -162 -164 0
88 164 -165 0
88 -164 -165 0
-88 164 -165 0
-88 -164 165 0
88 164 -166 0
88 -164 166 0
-88 164 166 0
-88 -164 -166 0
163 165 -167 0
163 -165 167 0
-163 165 167 0
-163 -165 -167 0
3 18 -168 0
3 -18 -168 0
-3 18 -168 0
-3 -18 168 0
99 168 -169 0
99 -168 -169 0
-99 168 -169 0
-99 -168 169 0
99 168 -170 0
99 -168 170 0
-99 168 170 0
-99 -168 -170 0
94 170 -171 0
94 -170 -171 0
-94 170 -171 0
-94 -170 171 0
94 170 -172 0
94 -170 172 0
-94 170 172 0
-94 -170 -172 0
169 171 -173 0
169 -171 173 0
-169 171 173 0
-169 -171 -173 0
4 18 -174 0
4 -18 -174 0
-4 18 -174 0
-4 -18 174 0
105 174 -175 0
105 -174 -175 0
-105 174 -175 0
-105 -174 175 0
105 174 -176 0
105 -174 176 0
-105 174 176 0
-105 -174 -176 0
100 176 -177 0
100 -176 -177 0
-100 176 -177 0
-100 -176 177 0
100 176 -178 0
100 -176 178 0
-100 176 178 0
-100 -176 -178 0
175 177 -179 0
175 -177 179 0
-175 177 179 0
-175 -177 -179 0
5 18 -180 0
5 -18 -180 0
-5 18 -180 0
-5 -18 180 0
111 180 -181 0
111 -180 -181 0
-111 180 -181 0
-111 -180 181 0
111 180 -182 0
111 -180 182 0
-111 180 182 0
-111 -180 -182 0
106 182 -183 0
106 -182 -183 0
-106 182 -183 0
-106 -182 183 0
106 182 -184 0
106 -182 184 0
-106 182 184 0
-106 -182 -184 0
181 183 -185 0
181 -183 185 0
-181 183 185 0
-181 -183 -185 0
6 18 -186 0
6 -18 -186 0
-6 18 -186 0
-6 -18 186 0
117 186 -187 0
117 -186 -187 0
-117 186 -187 0
-117 -186 187 0
117 186 -188 0
117 -186 188 0
-117 186 188 0
-117 -186 -188 0
112 188 -189 0
112 -188 -189 0
-112 188 -189 0
-112 -188 189 0
112 188 -190 0
112 -188 190 0
-112 188 190 0
-112 -188 -190 0
187 189 -191 0
187 -189 191 0
-187 189 191 0
-187 -189 -191 0
7 18 -192 0
7 -18 -192 0
-7 18 -192 0
-7 -18 192 0
123 192 -193 0
123 -192 -193 0
-123 192 -193 0
-123 -192 193 0
123 192 -194 0
123 -192 194 0
-123 192 194 0
-123 -192 -194 0
118 194 -195 0
118 -194 -195 0
-118 194 -195 0
-118 -194 195 0
118 194 -196 0
118 -194 196 0
-118 194 196 0
-118 -194 -196 0
193 195 -197 0
193 -195 197 0
-193 195 197 0
-193 -195 -197 0
8 18 -198 0
8 -18 -198 0
-8 18 -198 0
-8 -18 198 0
129 198 -199 0
129 -198 -199 0
-129 198 -199 0
-129 -198 199 0
129 198 -200 0
129 -198 200 0
-129 198 200 0
-129 -198 -200 0
124 200 -201 0
124 -200 -201 0
-124 200 -201 0
-124 -200 201 0
124 200 -202 0
124 -200 202 0
-124 200 202 0
-124 -200 -202 0
199 201 -203 0
199 -201 203 0
-199 201 203 0
-199 -201 -203 0
9 18 -204 0
9 -18 -204 0
-9 18 -204 0
-9 -18 204 0
135 204 -205 0
135 -204 -205 0
-135 204 -205 0
-135 -204 205 0
135 204 -206 0
135 -204 206 0
-135 204 206 0
-135 -204 -206 0
130 206 -207 0
130 -206 -207 0
-130 206 -207 0
-130 -206 207 0
130 206 -208 0
130 -206 208 0
-130 206 208 0
-130 -206 -208 0
205 207 -209 0
205 -207 209 0
-205 207 209 0
-205 -207 -209 0
10 18 -210 0
10 -18 -210 0
-10 18 -210 0
-10 -18 210 0
141 210 -211 0
141 -210 -211 0
-141 210 -211 0
-141 -210 211 0
141 210 -212 0
141 -210 212 0
-141 210 212 0
-141 -210 -212 0
136 212 -213 0
136 -212 -213 0
-136 212 -213 0
-136 -212 213 0
136 212 -214 0
136 -212 214 0
-136 212 214 0
-136 -212 -214 0
211 213 -215 0
211 -213 215 0
-211 213 215 0
-211 -213 -215 0
11 18 -216 0
11 -18 -216 0
-11 18 -216 0
-11 -18 216 0
147 216 -217 0
147 -216 -217 0
-147 216 -217 0
-147 -216 217 0
147 216 -218 0
147 -216 218 0
-147 216 218 0
-147 -216 -218 0
142 218 -219 0
142 -218 -219 0
-142 218 -219 0
-142 -218 219 0
142 218 -220 0
142 -218 220 0
-142 218 220 0
-142 -218 -220 0
217 219 -221 0
217 -219 221 0
-217 219 221 0
-217 -219 -221 0
12 18 -222 0
12 -18 -222 0
-12 18 -222 0
-12 -18 222 0
153 222 -223 0
153 -222 -223 0
-153 222 -223 0
-153 -222 223 0
153 222 -224 0
153 -222 224 0
-153 222 224 0
-153 -222 -224 0
148 224 -225 0
148 -224 -225 0
-148 224 -225 0
-148 -224 225 0
148 224 -226 0
148 -224 226 0
-148 224 226 0
-148 -224 -226 0
223 225 -227 0
223 -225 227 0
-223 225 227 0
-223 -225 -227 0
13 18 -228 0
13 -18 -228 0
-13 18 -228 0
-13 -18 228 0
155 228 -229 0
155 -228 -229 0
-155 228 -229 0
-155 -228 229 0
155 228 -230 0
155 -228 230 0
-155 228 230 0
-155 -228 -230 0
154 230 -231 0
154 -230 -231 0
-154 230 -231 0
-154 -230 231 0
154 230 -232 0
154 -230 232 0
-154 230 232 0
-154 -230 -232 0
229 231 -233 0
229 -231 233 0
-229 231 233 0
-229 -231 -233 0
14 18 -234 0
14 -18 -234 0
-14 18 -234 0
-14 -18 234 0
1 19 -235 0
1 -19 -235 0
-1 19 -235 0
-1 -19 235 0
166 235 -236 0
166 -235 -236 0
-166 235 -236 0
-166 -235 236 0
166 235 -237 0
166 -235 237 0
-166 235 237 0
-166 -235 -237 0
161 237 -238 0
161 -237 -238 0
-161 237 -238 0
-161 -237 238 0
161 237 -239 0
161 -237 239 0
-161 237 239 0
-161 -237 -239 0
236 238 -240 0
236 -238 240 0
-236 238 240 0
-236 -238 -240 0
2 19 -241 0
2 -19 -241 0
-2 19 -241 0
-2 -19 241 0
172 241 -242 0
172 -241 -242 0
-172 241 -242 0
-172 -241 242 0
172 241 -243 0
172 -241 243 0
-172 241 243 0
-172 -241 -243 0
167 243 -244 0
167 -243 -244 0
-167 243 -244 0
-167 -243 244 0
167 243 -245 0
167 -243 245 0
-167 243 245 0
-167 -243 -245 0
242 244 -246 0
242 -244 246 0
-242 244 246 0
-242 -244 -246 0
3 19 -247 0
3 -19 -247 0
-3 19 -247 0
-3 -19 247 0
178 247 -248 0
178 -247 -248 0
-178 247 -248 0
-178 -247 248 0
178 247 -249 0
178 -247 249 0
-178 247 249 0
-178 -247 -249 0
173 249 -250 0
173 -249 -250 0
-173 249 -250 0
-173 -249 250 0
173 249 -251 0
173 -249 251 0
-173 249 251 0
-173 -249 -251 0
248 250 -252 0
248 -250 252 0
-248 250 252 0
-248 -250 -252 0
4 19 -253 0
4 -19 -253 0
-4 19 -253 0
-4 -19 253 0
184 253 -254 0
184 -253 -254 0
-184 253 -254 0
-184 -253 254 0
184 253 -255 0
184 -253 255 0
-184 253 255 0
-184 -253 -255 0
179 255 -256 0
179 -255 -256 0
-179 255 -256 0
-179 -255 256 0
179 255 -257 0
179 -255 257 0
-179 255 257 0
-179 -255 -257 0
254 256 -258 0
254 -256 258 0
-254 256 258 0
-254 -256 -258 0
5 19 -259 0
5 -19 -259 0
-5 19 -259 0
-5 -19 259 0
190 259 -260 0
190 -259 -260 0
-190 259 -260 0
-190 -259 260 0
190 259 -261 0
190 -259 261 0
-190 259 261 0
-190 -259 -261 0
185 261 -262 0
185 -261 -262 0
-185 261 -262 0
-185 -261 262 0
185 261 -263 0
185 -261 263 0
-185 261 263 0
-185 -261 -263 0
260 262 -264 0
260 -262 264 0
-260 262 264 0
-260 -262 -264 0
6 19 -265 0
6 -19 -265 0
-6 19 -265 0
-6 -19 265 0
196 265 -266 0
196 -265 -266 0
-196 265 -266 0
-196 -265 266 0
196 265 -267 0
196 -265 267 0
-196 265 267 0
-196 -265 -267 0
191 267 -268 0
191 -267 -268 0
-191 267 -268 0
-191 -267 268 0
191 267 -269 0
191 -267 269 0
-191 267 269 0
-191 -267 -269 0
266 268 -270 0
266 -268 270 0
-266 268 270 0
-266 -268 -270 0
7 19 -271 0
7 -19 -271 0
-7 19 -271 0
-7 -19 271 0
202 271 -272 0
202 -271 -272 0
-202 271 -272 0
-202 -271 272 0
202 271 -273 0
202 -271 273 0
-202 271 273 0
-202 -271 -273 0
197 273 -274 0
197 -273 -274 0
-197 273 -274 0
-197 -273 274 0
197 273 -275 0
197 -273 275 0
-197 273 275 0
-197 -273 -275 0
272 274 -276 0
272 -274 276 0
-272 274 276 0
-272 -274 -276 0
8 19 -277 0
8 -19 -277 0
-8 19 -277 0
-8 -19 277 0
208 277 -278 0
208 -277 -278 0
-208 277 -278 0
-208 -277 278 0
208 277 -279 0
208 -277 279 0
-208 277 279 0
-208 -277 -279 0
203 279 -280 0
203 -279 -280 0
-203 279 -280 0
-203 -279 280 0
203 279 -281 0
203 -279 281 0
-203 279 281 0
-203 -279 -281 0
278 280 -282 0
278 -280 282 0
-278 280 282 0
-278 -280 -282 0
9 19 -283 0
9 -19 -283 0
-9 19 -283 0
-9 -19 283 0
214 283 -284 0
214 -283 -284 0
-214 283 -284 0
-214 -283 284 0
214 283 -285 0
214 -283 285 0
-214 283 285 0
-214 -283 -285 0
209 285 -286 0
209 -285 -286 0
-209 285 -286 0
-209 -285 286 0
209 285 -287 0
209 -285 287 0
-209 285 287 0
-209 -285 -287 0
284 286 -288 0
284 -286 288 0
-284 286 288 0
-284 -286 -288 0
10 19 -289 0
10 -19 -289 0
-10 19 -289 0
-10 -19 289 0
220 289 -290 0
220 -289 -290 0
-220 289 -290 0
-220 -289 290 0
220 289 -291 0
220 -289 291 0
-220 289 291 0
-220 -289 -291 0
215 291 -292 0
215 -291 -292 0
-215 291 -292 0
-215 -291 292 0
215 291 -293 0
215 -291 293 0
-215 291 293 0
-215 -291 -293 0
290 292 -294 0
290 -292 294 0
-290 292 294 0
-290 -292 -294 0
11 19 -295 0
11 -19 -295 0
-11 19 -295 0
-11 -19 295 0
226 295 -296 0
226 -295 -296 0
-226 295 -296 0
-226 -295 296 0
226 295 -297 0
226 -295 297 0
-226 295 297 0
-226 -295 -297 0
221 297 -298 0
221 -297 -298 0
-221 297 -298 0
-221 -297 298 0
221 297 -299 0
221 -297 299 0
-221 297 299 0
-221 -297 -299 0
296 298 -300 0
296 -298 300 0
-296 298 300 0
-296 -298 -300 0
12 19 -301 0
12 -19 -301 0
-12 19 -301 0
-12 -19 301 0
232 301 -302 0
232 -301 -302 0
-232 301 -302 0
-232 -301 302 0
232 301 -303 0
232 -301 303 0
-232 301 303 0
-232 -301 -303 0
227 303 -304 0
227 -303 -304 0
-227 303 -304 0
-227 -303 304 0
227 303 -305 0
227 -303 305 0
-227 303 305 0
-227 -303 -305 0
302 304 -306 0
302 -304 306 0
-302 304 306 0
-302 -304 -306 0
13 19 -307 0
13 -19 -307 0
-13 19 -307 0
-13 -19 307 0
234 307 -308 0
234 -307 -308 0
-234 307 -308 0
-234 -307 308 0
234 307 -309 0
234 -307 309 0
-234 307 309 0
-234 -307 -309 0
233 309 -310 0
233 -309 -310 0
-233 309 -310 0
-233 -309 310 0
233 309 -311 0
233 -309 311 0
-233 309 311 0
-233 -309 -311 0
308 310 -312 0
308 -310 312 0
-308 310 312 0
-308 -310 -312 0
14 19 -313 0
14 -19 -313 0
-14 19 -313 0
-14 -19 313 0
1 20 -314 0
1 -20 -314 0
-1 20 -314 0
-1 -20 314 0
245 314 -315 0
245 -314 -315 0
-245 314 -315 0
-245 -314 315 0
245 314 -316 0
245 -314 316 0
-245 314 316 0
-245 -314 -316 0
240 316 -317 0
240 -316 -317 0
-240 316 -317 0
-240 -316 317 0
240 316 -318 0
240 -316 318 0
-240 316 318 0
-240 -316 -318 0
315 317 -319 0
315 -317 319 0
-315 317 319 0
-315 -317 -319 0
2 20 -320 0
2 -20 -320 0
-2 20 -320 0
-2 -20 320 0
251 320 -321 0
251 -320 -321 0
-251 320 -321 0
-251 -320 321 0
251 320 -322 0
251 -320 322 0
-251 320 322 0
-251 -320 -322 0
246 322 -323 0
246 -322 -323 0
-246 322 -323 0
-246 -322 323 0
246 322 -324 0
246 -322 324 0
-246 322 324 0
-246 -322 -324 0
321 323 -325 0
321 -323 325 0
-321 323 325 0
-321 -323 -325 0
3 20 -326 0
3 -20 -326 0
-3 20 -326 0
-3 -20 326 0
257 326 -327 0
257 -326 -327 0
-257 326 -327 0
-257 -326 327 0
257 326 -328 0
257 -326 328 0
-257 326 328 0
-257 -326 -328 0
252 328 -329 0
252 -328 -329 0
-252 328 -329 0
-252 -328 329 0
252 328 -330 0
252 -328 330 0
-252 328 330 0
-252 -328 -330 0
327 329 -331 0
327 -329 331 0
-327 329 331 0
-327 -329 -331 0
4 20 -332 0
4 -20 -332 0
-4 20 -332 0
-4 -20 332 0
263 332 -333 0
263 -332 -333 0
-263 332 -333 0
-263 -332 333 0
263 332 -334 0
263 -332 334 0
-263 332 334 0
-263 -332 -334 0
258 334 -335 0
258 -334 -335 0
-258 334 -335 0
-258 -334 335 0
258 334 -336 0
258 -334 336 0
-258 334 336 0
-258 -334 -336 0
333 335 -337 0
333 -335 337 0
-333 335 337 0
-333 -335 -337 0
5 20 -338 0
5 -20 -338 0
-5 20 -338 0
-5 -20 338 0
269 338 -339 0
269 -338 -339 0
-269 338 -339 0
-269 -338 339 0
269 338 -340 0
269 -338 340 0
-269 338 340 0
-269 -338 -340 0
264 340 -341 0
264 -340 -341 0
-264 340 -341 0
-264 -340 341 0
264 340 -342 0
264 -340 342 0
-264 340 342 0
-264 -340 -342 0
339 341 -343 0
339 -341 343 0
-339 341 343 0
-339 -341 -343 0
6 20 -344 0
6 -20 -344 0
-6 20 -344 0
-6 -20 344 0
275 344 -345 0
275 -344 -345 0
-275 344 -345 0
-275 -344 345 0
275 344 -346 0
275 -344 346 0
-275 344 346 0
-275 -344 -346 0
270 346 -347 0
270 -346 -347 0
-270 346 -347 0
-270 -346 347 0
270 346 -348 0
270 -346 348 0
-270 346 348 0
-270 -346 -348 0
345 347 -349 0
345 -347 349 0
-345 347 349 0
-345 -347 -349 0
7 20 -350 0
7 -20 -350 0
-7 20 -350 0
-7 -20 350 0
281 350 -351 0
281 -350 -351 0
-281 350 -351 0
-281 -350 351 0
281 350 -352 0
281 -350 352 0
-281 350 352 0
-281 -350 -352 0
276 352 -353 0
276 -352 -353 0
-276 352 -353 0
-276 -352 353 0
276 352 -354 0
276 -352 354 0
-276 352 354 0
-276 -352 -354 0
351 353 -355 0
351 -353 355 0
-351 353 355 0
-351 -353 -355 0
8 20 -356 0
8 -20 -356 0
-8 20 -356 0
-8 -20 356 0
287 356 -357 0
287 -356 -357 0
-287 356 -357 0
-287 -356 357 0
287 356 -358 0
287 -356 358 0
-287 356 358 0
-287 -356 -358 0
282 358 -359 0
282 -358 -359 0
-282 358 -359 0
-282 -358 359 0
282 358 -360 0
282 -358 360 0
-282 358 360 0
-282 -358 -360 0
357 359 -361 0
357 -359 361 0
-357 359 361 0
-357 -359 -361 0
9 20 -362 0
9 -20 -362 0
-9 20 -362 0
-9 -20 362 0
293 362 -363 0
293 -362 -363 0
-293 362 -363 0
-293 -362 363 0
293 362 -364 0
293 -362 364 0
-293 362 364 0
-293 -362 -364 0
288 364 -365 0
288 -364 -365 0
-288 364 -365 0
-288 -364 365 0
288 364 -366 0
288 -364 366 0
-288 364 366 0
-288 -364 -366 0
363 365 -367 0
363 -365 367 0
-363 365 367 0
-363 -365 -367 0
10 20 -368 0
10 -20 -368 0
-10 20 -368 0
-10 -20 368 0
299 368 -369 0
299 -368 -369 0
-299 368 -369 0
-299 -368 369 0
299 368 -370 0
299 -368 370 0
-299 368 370 0
-299 -368 -370 0
294 370 -371 0
294 -370 -371 0
-294 370 -371 0
-294 -370 371 0
294 370 -372 0
294 -370 372 0
-294 370 372 0
-294 -370 -372 0
369 371 -373 0
369 -371 373 0
-369 371 373 0
-369 -371 -373 0
11 20 -374 0
11 -20 -374 0
-11 20 -374 0
-11 -20 374 0
305 374 -375 0
305 -374 -375 0
-305 374 -375 0
-305 -374 375 0
305 374 -376 0
305 -374 376 0
-305 374 376 0
-305 -374 -376 0
300 376 -377 0
300 -376 -377 0
-300 376 -377 0
-300 -376 377 0
300 376 -378 0
300 -376 378 0
-300 376 378 0
-300 -376 -378 0
375 377 -379 0
375 -377 379 0
-375 377 379 0
-375 -377 -379 0
12 20 -380 0
12 -20 -380 0
-12 20 -380 0
-12 -20 380 0
311 380 -381 0
311 -380 -381 0
-311 380 -381 0
-311 -380 381 0
311 380 -382 0
311 -380 382 0
-311 380 382 0
-311 -380 -382 0
306 382 -383 0
306 -382 -383 0
-306 382 -383 0
-306 -382 383 0
306 382 -384 0
306 -382 384 0
-306 382 384 0
-306 -382 -384 0
381 383 -385 0
381 -383 385 0
-381 383 385 0
-381 -383 -385 0
13 20 -386 0
13 -20 -386 0
-13 20 -386 0
-13 -20 386 0
313 386 -387 0
313 -386 -387 0
-313 386 -387 0
-313 -386 387 0
313 386 -388 0
313 -386 388 0
-313 386 388 0
-313 -386 -388 0
312 388 -389 0
312 -388 -389 0
-312 388 -389 0
-312 -388 389 0
312 388 -390 0
312 -388 390 0
-312 388 390 0
-312 -388 -390 0
387 389 -391 0
387 -389 391 0
-387 389 391 0
-387 -389 -391 0
14 20 -392 0
14 -20 -392 0
-14 20 -392 0
-14 -20 392 0
1 21 -393 0
1 -21 -393 0
-1 21 -393 0
-1 -21 393 0
324 393 -394 0
324 -393 -394 0
-324 393 -394 0
-324 -393 394 0
324 393 -395 0
324 -393 395 0
-324 393 395 0
-324 -393 -395 0
319 395 -396 0
319 -395 -396 0
-319 395 -396 0
-319 -395 396 0
319 395 -397 0
319 -395 397 0
-319 395 397 0
-319 -395 -397 0
394 396 -398 0
394 -396 398 0
-394 396 398 0
-394 -396 -398 0
2 21 -399 0
2 -21 -399 0
-2 21 -399 0
-2 -21 399 0
330 399 -400 0
330 -399 -400 0
-330 399 -400 0
-330 -399 400 0
330 399 -401 0
330 -399 401 0
-330 399 401 0
-330 -399 -401 0
325 401 -402 0
325 -401 -402 0
-325 401 -402 0
-325 -401 402 0
325 401 -403 0
325 -401 403 0
-325 401 403 0
-325 -401 -403 0
400 402 -404 0
400 -402 404 0
-400 402 404 0
-400 -402 -404 0
3 21 -405 0
3 -21 -405 0
-3 21 -405 0
-3 -21 405 0
336 405 -406 0
336 -405 -406 0
-336 405 -406 0
-336 -405 406 0
336 405 -407 0
336 -405 407 0
-336 405 407 0
-336 -405 -407 0
331 407 -408 0
331 -407 -408 0
-331 407 -408 0
-331 -407 408 0
331 407 -409 0
331 -407 409 0
-331 407 409 0
-331 -407 -409 0
406 408 -410 0
406 -408 410 0
-406 408 410 0
-406 -408 -410 0
4 21 -411 0
4 -21 -411 0
-4 21 -411 0
-4 -21 411 0
342 411 -412 0
342 -411 -412 0
-342 411 -412 0
-342 -411 412 0
342 411 -413 0
342 -411 413 0
-342 411 413 0
-342 -411 -413 0
337 413 -414 0
337 -413 -414 0
-337 413 -414 0
-337 -413 414 0
337 413 -415 0
337 -413 415 0
-337 413 415 0
-337 -413 -415 0
412 414 -416 0
412 -414 416 0
-412 414 416 0
-412 -414 -416 0
5 21 -417 0
5 -21 -417 0
-5 21 -417 0
-5 -21 417 0
348 417 -418 0
348 -417 -418 0
-348 417 -418 0
-348 -417 418 0
348 417 -419 0
348 -417 419 0
-348 417 419 0
-348 -417 -419 0
343 419 -420 0
343 -419 -420 0
-343 419 -420 0
-343 -419 420 0
343 419 -421 0
343 -419 421 0
-343 419 421 0
-343 -419 -421 0
418 420 -422 0
418 -420 422 0
-418 420 422 0
-418 -420 -422 0
6 21 -423 0
6 -21 -423 0
-6 21 -423 0
-6 -21 423 0
354 423 -424 0
354 -423 -424 0
-354 423 -424 0
-354 -423 424 0
354 423 -425 0
354 -423 425 0
-354 423 425 0
-354 -423 -425 0
349 425 -426 0
349 -425 -426 0
-349 425 -426 0
-349 -425 426 0
349 425 -427 0
349 -425 427 0
-349 425 427 0
-349 -425 -427 0
424 426 -428 0
424 -426 428 0
-424 426 428 0
-424 -426 -428 0
7 21 -429 0
7 -21 -429 0
-7 21 -429 0
-7 -21 429 0
360 429 -430 0
360 -429 -430 0
-360 429 -430 0
-360 -429 430 0
360 429 -431 0
360 -429 431 0
-360 429 431 0
-360 -429 -431 0
355 431 -432 0
355 -431 -432 0
-355 431 -432 0
-355 -431 432 0
355 431 -433 0
355 -431 433 0
-355 431 433 0
-355 -431 -433 0
430 432 -434 0
430 -432 434 0
-430 432 434 0
-430 -432 -434 0
8 21 -435 0
8 -21 -435 0
-8 21 -435 0
-8 -21 435 0
366 435 -436 0
366 -435 -436 0
-366 435 -436 0
-366 -435 436 0
366 435 -437 0
366 -435 437 0
-366 435 437 0
-366 -435 -437 0
361 437 -438 0
361 -437 -438 0
-361 437 -438 0
-361 -437 438 0
361 437 -439 0
361 -437 439 0
-361 437 439 0
-361 -437 -439 0
436 438 -440 0
436 -438 440 0
-436 438 440 0
-436 -438 -440 0
9 21 -441 0
9 -21 -441 0
-9 21 -441 0
-9 -21 441 0
372 441 -442 0
372 -441 -442 0
-372 441 -442 0
-372 -441 442 0
372 441 -443 0
372 -441 443 0
-372 441 443 0
-372 -441 -443 0
367 443 -444 0
367 -443 -444 0
-367 443 -444 0
-367 -443 444 0
367 443 -445 0
367 -443 445 0
-367 443 445 0
-367 -443 -445 0
442 444 -446 0
442 -444 446 0
-442 444 446 0
-442 -444 -446 0
10 21 -447 0
10 -21 -447 0
-10 21 -447 0
-10 -21 447 0
378 447 -448 0
378 -447 -448 0
-378 447 -448 0
-378 -447 448 0
378 447 -449 0
378 -447 449 0
-378 447 449 0
-378 -447 -449 0
373 449 -450 0
373 -449 -450 0
-373 449 -450 0
-373 -449 450 0
373 449 -451 0
373 -449 451 0
-373 449 451 0
-373 -449 -451 0
448 450 -452 0
448 -450 452 0
-448 450 452 0
-448 -450 -452 0
11 21 -453 0
11 -21 -453 0
-11 21 -453 0
-11 -21 453 0
384 453 -454 0
384 -453 -454 0
-384 453 -454 0
-384 -453 454 0
384 453 -455 0
384 -453 455 0
-384 453 455 0
-384 -453 -455 0
379 455 -456 0
379 -455 -456 0
-379 455 -456 0
-379 -455 456 0
379 455 -457 0
379 -455 457 0
-379 455 457 0
-379 -455 -457 0
454 456 -458 0
454 -456 458 0
-454 456 458 0
-454 -456 -458 0
12 21 -459 0
12 -21 -459 0
-12 21 -459 0
-12 -21 459 0
390 459 -460 0
390 -459 -460 0
-390 459 -460 0
-390 -459 460 0
390 459 -461 0
390 -459 461 0
-390 459 461 0
-390 -459 -461 0
385 461 -462 0
385 -461 -462 0
-385 461 -462 0
-385 -461 462 0
385 461 -463 0
385 -461 463 0
-385 461 463 0
-385 -461 -463 0
460 462 -464 0
460 -462 464 0
-460 462 464 0
-460 -462 -464 0
13 21 -465 0
13 -21 -465 0
-13 21 -465 0
-13 -21 465 0
392 465 -466 0
392 -465 -466 0
-392 465 -466 0
-392 -465 466 0
392 465 -467 0
392 -465 467 0
-392 465 467 0
-392 -465 -467 0
391 467 -468 0
391 -467 -468 0
-391 467 -468 0
-391 -467 468 0
391 467 -469 0
391 -467 469 0
-391 467 469 0
-391 -467 -469 0
466 468 -470 0
466 -468 470 0
-466 468 470 0
-466 -468 -470 0
14 21 -471 0
14 -21 -471 0
-14 21 -471 0
-14 -21 471 0
1 22 -472 0
1 -22 -472 0
-1 22 -472 0
-1 -22 472 0
403 472 -473 0
403 -472 -473 0
-403 472 -473 0
-403 -472 473 0
403 472 -474 0
403 -472 474 0
-403 472 474 0
-403 -472 -474 0
398 474 -475 0
398 -474 -475 0
-398 474 -475 0
-398 -474 475 0
398 474 -476 0
398 -474 476 0
-398 474 476 0
-398 -474 -476 0
473 475 -477 0
473 -475 477 0
-473 475 477 0
-473 -475 -477 0
2 22 -478 0
2 -22 -478 0
-2 22 -478 0
-2 -22 478 0
409 478 -479 0
409 -478 -479 0
-409 478 -479 0
-409 -478 479 0
409 478 -480 0
409 -478 480 0
-409 478 480 0
-409 -478 -480 0
404 480 -481 0
404 -480 -481 0
-404 480 -481 0
-404 -480 481 0
404 480 -482 0
404 -480 482 0
-404 480 482 0
-404 -480 -482 0
479 481 -483 0
479 -481 483 0
-479 481 483 0
-479 -481 -483 0
3 22 -484 0
3 -22 -484 0
-3 22 -484 0
-3 -22 484 0
415 484 -485 0
415 -484 -485 0
-415 484 -485 0
-415 -484 485 0
415 484 -486 0
415 -484 486 0
-415 484 486 0
-415 -484 -486 0
410 486 -487 0
410 -486 -487 0
-410 486 -487 0
-410 -486 487 0
410 486 -488 0
410 -486 488 0
-410 486 488 0
-410 -486 -488 0
485 487 -489 0
485 -487 489 0
-485 487 489 0
-485 -487 -489 0
4 22 -490 0
4 -22 -490 0
-4 22 -490 0
-4 -22 490 0
421 490 -491 0
421 -490 -491 0
-421 490 -491 0
-421 -490 491 0
421 490 -492 0
421 -490 492 0
-421 490 492 0
-421 -490 -492 0
416 492 -493 0
416 -492 -493 0
-416 492 -493 0
-416 -492 493 0
416 492 -494 0
416 -492 494 0
-416 492 494 0
-416 -492 -494 0
491 493 -495 0
491 -493 495 0
-491 493 495 0
-491 -493 -495 0
5 22 -496 0
5 -22 -496 0
-5 22 -496 0
-5 -22 496 0
427 496 -497 0
427 -496 -497 0
-427 496 -497 0
-427 -496 497 0
427 496 -498 0
427 -496 498 0
-427 496 498 0
-427 -496 -498 0
422 498 -499 0
422 -498 -499 0
-422 498 -499 0
-422 -498 499 0
422 498 -500 0
422 -498 500 0
-422 498 500 0
-422 -498 -500 0
497 499 -501 0
497 -499 501 0
-497 499 501 0
-497 -499 -501 0
6 22 -502 0
6 -22 -502 0
-6 22 -502 0
-6 -22 502 0
433 502 -503 0
433 -502 -503 0
-433 502 -503 0
-433 -502 503 0
433 502 -504 0
433 -502 504 0
-433 502 504 0
-433 -502 -504 0
428 504 -505 0
428 -504 -505 0
-428 504 -505 0
-428 -504 505 0
428 504 -506 0
428 -504 506 0
-428 504 506 0
-428 -504 -506 0
503 505 -507 0
503 -505 507 0
-503 505 507 0
-503 -505 -507 0
7 22 -508 0
7 -22 -508 0
-7 22 -508 0
-7 -22 508 0
439 508 -509 0
439 -508 -509 0
-439 508 -509 0
-439 -508 509 0
439 508 -510 0
439 -508 510 0
-439 508 510 0
-439 -508 -510 0
434 510 -511 0
434 -510 -511 0
-434 510 -511 0
-434 -510 511 0
434 510 -512 0
434 -510 512 0
-434 510 512 0
-434 -510 -512 0
509 511 -513 0
509 -511 513 0
-509 511 513 0
-509 -511 -513 0
8 22 -514 0
8 -22 -514 0
-8 22 -514 0
-8 -22 514 0
445 514 -515 0
445 -514 -515 0
-445 514 -515 0
-445 -514 515 0
445 514 -516 0
445 -514 516 0
-445 514 516 0
-445 -514 -516 0
440 516 -517 0
440 -516 -517 0
-440 516 -517 0
-440 -516 517 0
440 516 -518 0
440 -516 518 0
-440 516 518 0
-440 -516 -518 0
515 517 -519 0
515 -517 519 0
-515 517 519 0
-515 -517 -519 0
9 22 -520 0
9 -22 -520 0
-9 22 -520 0
-9 -22 520 0
451 520 -521 0
451 -520 -521 0
-451 520 -521 0
-451 -520 521 0
451 520 -522 0
451 -520 522 0
-451 520 522 0
-451 -520 -522 0
446 522 -523 0
446 -522 -523 0
-446 522 -523 0
-446 -522 523 0
446 522 -524 0
446 -522 524 0
-446 522 524 0
-446 -522 -524 0
521 523 -525 0
521 -523 525 0
-521 523 525 0
-521 -523 -525 0
10 22 -526 0
10 -22 -526 0
-10 22 -526 0
-10 -22 526 0
457 526 -527 0
457 -526 -527 0
-457 526 -527 0
-457 -526 527 0
457 526 -528 0
457 -526 528 0
-457 526 528 0
-457 -526 -528 0
452 528 -529 0
452 -528 -529 0
-452 528 -529 0
-452 -528 529 0
452 528 -530 0
452 -528 530 0
-452 528 530 0
-452 -528 -530 0
527 529 -531 0
527 -529 531 0
-527 529 531 0
-527 -529 -531 0
11 22 -532 0
11 -22 -532 0
-11 22 -532 0
-11 -22 532 0
463 532 -533 0
463 -532 -533 0
-463 532 -533 0
-463 -532 533 0
463 532 -534 0
463 -532 534 0
-463 532 534 0
-463 -532 -534 0
458 534 -535 0
458 -534 -535 0
-458 534 -535 0
-458 -534 535 0
458 534 -536 0
458 -534 536 0
-458 534 536 0
-458 -534 -536 0
533 535 -537 0
533 -535 537 0
-533 535 537 0
-533 -535 -537 0
12 22 -538 0
12 -22 -538 0
-12 22 -538 0
-12 -22 538 0
469 538 -539 0
469 -538 -539 0
-469 538 -539 0
-469 -538 539 0
469 538 -540 0
469 -538 540 0
-469 538 540 0
-469 -538 -540 0
464 540 -541 0
464 -540 -541 0
-464 540 -541 0
-464 -540 541 0
464 540 -542 0
464 -540 542 0
-464 540 542 0
-464 -540 -542 0
539 541 -543 0
539 -541 543 0
-539 541 543 0
-539 -541 -543 0
13 22 -544 0
13 -22 -544 0
-13 22 -544 0
-13 -22 544 0
471 544 -545 0
471 -544 -545 0
-471 544 -545 0
-471 -544 545 0
471 544 -546 0
471 -544 546 0
-471 544 546 0
-471 -544 -546 0
470 546 -547 0
470 -546 -547 0
-470 546 -547 0
-470 -546 547 0
470 546 -548 0
470 -546 548 0
-470 546 548 0
-470 -546 -548 0
545 547 -549 0
545 -547 549 0
-545 547 549 0
-545 -547 -549 0
14 22 -550 0
14 -22 -550 0
-14 22 -550 0
-14 -22 550 0
477 482 -551 0
477 -482 -551 0
-477 482 -551 0
-477 -482 551 0
477 482 -552 0
477 -482 552 0
-477 482 552 0
-477 -482 -552 0
483 488 -553 0
483 -488 -553 0
-483 488 -553 0
-483 -488 553 0
483 488 -554 0
483 -488 554 0
-483 488 554 0
-483 -488 -554 0
551 554 -555 0
551 -554 -555 0
-551 554 -555 0
-551 -554 555 0
551 554 -556 0
551 -554 556 0
-551 554 556 0
-551 -554 -556 0
553 555 -557 0
553 -555 557 0
-553 555 557 0
-553 -555 -557 0
489 494 -558 0
489 -494 -558 0
-489 494 -558 0
-489 -494 558 0
489 494 -559 0
489 -494 559 0
-489 494 559 0
-489 -494 -559 0
557 559 -560 0
557 -559 -560 0
-557 559 -560 0
-557 -559 560 0
557 559 -561 0
557 -559 561 0
-557 559 561 0
-557 -559 -561 0
558 560 -562 0
558 -560 562 0
-558 560 562 0
-558 -560 -562 0
495 500 -563 0
495 -500 -563 0
-495 500 -563 0
-495 -500 563 0
495 500 -564 0
495 -500 564 0
-495 500 564 0
-495 -500 -564 0
562 564 -565 0
562 -564 -565 0
-562 564 -565 0
-562 -564 565 0
562 564 -566 0
562 -564 566 0
-562 564 566 0
-562 -564 -566 0
563 565 -567 0
563 -565 567 0
-563 565 567 0
-563 -565 -567 0
501 506 -568 0
501 -506 -568 0
-501 506 -568 0
-501 -506 568 0
501 506 -569 0
501 -506 569 0
-501 506 569 0
-501 -506 -569 0
567 569 -570 0
567 -569 -570 0
-567 569 -570 0
-567 -569 570 0
567 569 -571 0
567 -569 571 0
-567 569 571 0
-567 -569 -571 0
568 570 -572 0
568 -570 572 0
-568 570 572 0
-568 -570 -572 0
507 512 -573 0
507 -512 -573 0
-507 512 -573 0
-507 -512 573 0
507 512 -574 0
507 -512 574 0
-507 512 574 0
-507 -512 -574 0
572 574 -575 0
572 -574 -575 0
-572 574 -575 0
-572 -574 575 0
572 574 -576 0
572 -574 576 0
-572 574 576 0
-572 -574 -576 0
573 575 -577 0
573 -575 577 0
-573 575 577 0
-573 -575 -577 0
513 518 -578 0
513 -518 -578 0
-513 518 -578 0
-513 -518 578 0
513 518 -579 0
513 -518 579 0
-513 518 579 0
-513 -518 -579 0
577 579 -580 0
577 -579 -580 0
-577 579 -580 0
-577 -579 580 0
577 579 -581 0
577 -579 581 0
-577 579 581 0
-577 -579 -581 0
578 580 -582 0
578 -580 582 0
-578 580 582 0
-578 -580 -582 0
519 524 -583 0
519 -524 -583 0
-519 524 -583 0
-519 -524 583 0
519 524 -584 0
519 -524 584 0
-519 524 584 0
-519 -524 -584 0
582 584 -585 0
582 -584 -585 0
-582 584 -585 0
-582 -584 585 0
582 584 -586 0
582 -584 586 0
-582 584 586 0
-582 -584 -586 0
583 585 -587 0
583 -585 587 0
-583 585 587 0
-583 -585 -587 0
525 530 -588 0
525 -530 -588 0
-525 530 -588 0
-525 -530 588 0
525 530 -589 0
525 -530 589 0
-525 530 589 0
-525 -530 -589 0
587 589 -590 0
587 -589 -590 0
-587 589 -590 0
-587 -589 590 0
587 589 -591 0
587 -589 591 0
-587 589 591 0
-587 -589 -591 0
588 590 -592 0
588 -590 592 0
-588 590 592 0
-588 -590 -592 0
531 536 -593 0
531 -536 -593 0
-531 536 -593 0
-531 -536 593 0
531 536 -594 0
531 -536 594 0
-531 536 594 0
-531 -536 -594 0
592 594 -595 0
592 -594 -595 0
-592 594 -595 0
-592 -594 595 0
592 594 -596 0
592 -594 596 0
-592 594 596 0
-592 -594 -596 0
593 595 -597 0
593 -595 597 0
-593 595 597 0
-593 -595 -597 0
537 542 -598 0
537 -542 -598 0
-537 542 -598 0
-537 -542 598 0
537 542 -599 0
537 -542 599 0
-537 542 599 0
-537 -542 -599 0
597 599 -600 0
597 -599 -600 0
-597 599 -600 0
-597 -599 600 0
597 599 -601 0
597 -599 601 0
-597 599 601 0
-597 -599 -601 0
598 600 -602 0
598 -600 602 0
-598 600 602 0
-598 -600 -602 0
543 548 -603 0
543 -548 -603 0
-543 548 -603 0
-543 -548 603 0
543 548 -604 0
543 -548 604 0
-543 548 604 0
-543 -548 -604 0
602 604 -605 0
602 -604 -605 0
-602 604 -605 0
-602 -604 605 0
602 604 -606 0
602 -604 606 0
-602 604 606 0
-602 -604 -606 0
603 605 -607 0
603 -605 607 0
-603 605 607 0
-603 -605 -607 0
549 550 -608 0
549 -550 -608 0
-549 550 -608 0
-549 -550 608 0
549 550 -609 0
549 -550 609 0
-549 550 609 0
-549 -550 -609 0
607 609 -610 0
607 -609 -610 0
-607 609 -610 0
-607 -609 610 0
607 609 -611 0
607 -609 611 0
-607 609 611 0
-607 -609 -611 0
608 610 -612 0
608 -610 612 0
-608 610 612 0
-608 -610 -612 0